c random 50 vertices, 612 edges, seed = 2
g 50 612
e 1 2 1487
e 2 3 7544
e 3 4 1979
e 3 5 1515
e 1 6 3511
e 1 7 7521
e 7 8 2395
e 6 9 3663
e 2 10 4687
e 7 11 7860
e 10 12 7012
e 2 13 4311
e 13 14 3910
e 1 15 3834
e 10 16 883
e 8 17 806
e 13 18 2561
e 13 19 3820
e 15 20 3171
e 14 21 9480
e 1 22 4142
e 1 23 7167
e 3 24 6521
e 8 25 1682
e 21 26 8388
e 25 27 2732
e 11 28 4788
e 7 29 9503
e 12 30 9281
e 26 31 5647
e 3 32 7512
e 19 33 7709
e 4 34 1855
e 16 35 4509
e 27 36 8727
e 6 37 2486
e 1 38 6922
e 30 39 3305
e 31 40 873
e 39 41 9164
e 38 42 6990
e 16 43 7200
e 36 44 6240
e 15 45 2370
e 1 46 508
e 39 47 1386
e 42 48 4162
e 45 49 8201
e 11 50 5157
e 5 17 6230
e 1 26 7362
e 10 47 5080
e 32 46 9846
e 2 24 8149
e 10 17 5540
e 6 33 710
e 14 45 7589
e 8 45 7755
e 22 28 9661
e 19 31 4790
e 39 48 5403
e 26 44 9262
e 4 26 7983
e 8 33 6982
e 42 44 180
e 5 12 6091
e 23 43 1016
e 22 25 6028
e 3 48 6971
e 25 45 6985
e 10 46 7497
e 28 33 9599
e 9 14 8688
e 2 12 9784
e 41 49 5835
e 20 36 3518
e 15 33 3967
e 4 33 656
e 8 36 2970
e 41 42 9594
e 10 42 6835
e 23 44 5547
e 7 37 1631
e 20 26 5451
e 24 28 511
e 4 45 1673
e 35 38 74
e 20 42 1897
e 47 50 5984
e 19 23 6484
e 1 4 1007
e 9 40 2905
e 7 48 898
e 28 31 9335
e 12 46 5546
e 1 43 790
e 25 44 5400
e 8 30 1907
e 38 44 4623
e 41 45 9925
e 17 46 85
e 34 35 6444
e 25 47 3262
e 5 6 6295
e 6 8 93
e 33 38 7157
e 5 25 1901
e 9 43 2069
e 8 14 3062
e 8 23 2865
e 16 23 5663
e 39 44 3316
e 19 27 406
e 5 41 2317
e 5 30 649
e 8 16 7045
e 13 24 4521
e 26 43 8259
e 9 47 3754
e 19 22 8623
e 14 20 3092
e 27 38 7125
e 20 38 189
e 21 48 1012
e 32 42 9010
e 11 29 6554
e 7 43 6733
e 18 43 3051
e 19 50 2672
e 5 32 7653
e 2 36 9290
e 24 30 4442
e 6 23 0
e 6 17 908
e 19 38 2594
e 30 41 1609
e 6 26 9295
e 14 46 3449
e 34 39 6376
e 14 33 1966
e 9 34 9615
e 18 27 2876
e 9 18 5394
e 6 20 5581
e 21 43 3206
e 4 16 1395
e 5 24 4604
e 16 18 637
e 25 31 9660
e 35 44 291
e 9 17 170
e 13 50 7566
e 4 29 4643
e 12 29 45
e 13 25 1141
e 5 18 4462
e 5 44 2066
e 14 50 7670
e 1 9 7134
e 34 45 4819
e 23 30 9958
e 8 28 4329
e 7 9 9508
e 33 36 4871
e 36 42 1835
e 5 42 9663
e 17 44 1121
e 21 37 3229
e 9 25 6982
e 22 34 7786
e 8 39 6943
e 20 21 3321
e 24 25 9647
e 15 19 1650
e 11 30 9056
e 39 43 6560
e 14 43 9475
e 36 40 8623
e 13 35 2783
e 32 47 9182
e 2 6 6758
e 23 39 5376
e 12 16 4819
e 9 37 5103
e 4 7 7720
e 22 23 359
e 38 40 836
e 10 38 2479
e 11 33 1086
e 12 36 4983
e 32 37 8550
e 36 47 9556
e 14 23 5366
e 11 13 9406
e 6 24 7560
e 1 18 6721
e 29 49 9835
e 6 19 1545
e 29 35 6158
e 43 49 2763
e 28 38 8253
e 13 17 588
e 3 39 4030
e 12 24 5867
e 20 43 7651
e 30 44 5748
e 15 24 4820
e 13 41 2779
e 40 50 2917
e 11 18 7118
e 19 30 9110
e 1 44 4827
e 21 32 5320
e 15 39 8474
e 11 22 1057
e 30 34 9894
e 12 40 2608
e 13 42 4448
e 11 46 5968
e 24 45 2447
e 17 35 3113
e 5 28 8293
e 10 43 1094
e 9 28 9658
e 5 10 8340
e 16 37 6152
e 4 15 5578
e 24 38 5426
e 5 35 1048
e 6 31 1810
e 27 42 3830
e 6 18 4138
e 33 42 6570
e 13 32 8183
e 37 41 5071
e 21 41 9711
e 12 28 6459
e 28 42 5270
e 7 15 1761
e 48 49 6133
e 13 20 9150
e 20 25 7865
e 10 27 6657
e 8 21 6427
e 35 49 2921
e 4 8 9491
e 39 40 6531
e 16 33 2214
e 27 34 6752
e 16 40 1323
e 26 35 5421
e 2 9 3824
e 2 30 4132
e 3 7 9038
e 32 36 4584
e 23 50 9062
e 15 46 4909
e 7 33 7426
e 14 29 2042
e 2 22 6132
e 17 28 3646
e 13 47 5890
e 17 18 3949
e 8 22 6066
e 7 39 2963
e 14 49 187
e 22 24 4248
e 37 40 861
e 3 43 9078
e 24 32 8335
e 4 49 2188
e 1 17 5802
e 33 41 8365
e 25 29 5684
e 4 47 4519
e 14 25 6091
e 22 43 3417
e 13 15 8618
e 21 50 9583
e 12 50 7127
e 7 49 6728
e 8 37 1924
e 16 41 5124
e 19 25 5223
e 15 21 1274
e 28 48 5205
e 5 14 6992
e 23 38 2720
e 8 12 5928
e 24 47 3932
e 19 43 6825
e 13 38 1251
e 2 47 3912
e 17 38 3808
e 38 45 3268
e 34 48 3378
e 5 37 7779
e 40 48 179
e 17 42 4236
e 24 44 5028
e 21 34 1011
e 13 44 3631
e 5 15 285
e 31 39 4908
e 27 43 9498
e 16 21 3759
e 21 24 6931
e 36 43 9254
e 15 40 8768
e 15 38 2202
e 38 41 4980
e 22 48 8072
e 7 19 6604
e 10 20 6008
e 14 48 9645
e 20 33 1164
e 7 35 6616
e 4 12 6297
e 35 39 8716
e 3 28 8317
e 10 31 7546
e 30 35 697
e 30 31 848
e 4 17 6376
e 21 38 1672
e 2 4 419
e 17 22 731
e 30 36 8641
e 2 38 4803
e 9 48 6859
e 20 28 2756
e 21 49 2154
e 9 31 1881
e 9 29 6133
e 37 45 8517
e 9 50 420
e 4 25 6460
e 5 19 4875
e 8 50 9153
e 11 35 2923
e 21 35 9283
e 25 43 3511
e 5 29 8595
e 16 28 7008
e 4 44 9913
e 27 37 8689
e 32 40 9636
e 17 20 199
e 18 24 9161
e 43 50 2455
e 25 26 1778
e 6 10 1849
e 25 50 6760
e 11 39 7273
e 6 7 3990
e 32 49 6198
e 4 24 2794
e 4 11 9852
e 26 28 1228
e 2 15 9158
e 22 32 3150
e 3 45 2069
e 12 47 4118
e 23 40 6298
e 33 35 2327
e 14 32 972
e 23 41 4682
e 45 48 8062
e 43 44 2825
e 12 31 4751
e 16 22 1417
e 36 46 9640
e 17 26 8803
e 27 44 3612
e 18 33 5178
e 4 31 6743
e 28 34 2980
e 23 35 4190
e 11 14 3954
e 3 35 2793
e 30 40 5435
e 14 44 5398
e 4 35 7026
e 32 50 8867
e 14 24 3270
e 2 14 2066
e 3 42 1613
e 13 22 4410
e 7 45 1836
e 19 37 8270
e 24 40 385
e 8 13 6551
e 42 47 1262
e 11 43 82
e 2 49 7016
e 33 43 4170
e 28 44 5516
e 17 31 5868
e 2 31 1570
e 6 29 4399
e 21 30 4281
e 22 45 1232
e 2 40 3606
e 1 48 8547
e 1 8 9342
e 24 35 8048
e 28 50 8635
e 13 21 1320
e 49 50 3414
e 16 19 4263
e 16 46 5959
e 33 37 171
e 7 24 5118
e 11 26 5227
e 11 19 9240
e 17 19 8269
e 37 49 2848
e 4 20 3276
e 28 29 9669
e 9 41 8574
e 36 50 6136
e 4 32 4212
e 7 40 4924
e 2 44 9372
e 28 46 6549
e 22 30 8396
e 7 38 9718
e 23 42 3446
e 15 36 6043
e 14 31 928
e 28 36 6948
e 12 33 1192
e 22 33 7730
e 16 24 3170
e 6 47 6803
e 10 50 747
e 25 32 9649
e 6 27 7461
e 29 47 9427
e 3 11 8227
e 31 43 2207
e 35 36 8173
e 21 40 2477
e 4 10 8048
e 29 34 4425
e 35 42 5071
e 24 42 8313
e 2 25 1062
e 41 48 9497
e 8 40 17
e 27 41 2799
e 12 17 7874
e 28 47 3584
e 1 49 8237
e 24 37 8317
e 3 46 5994
e 6 34 9801
e 4 13 3945
e 22 41 8680
e 12 14 833
e 33 47 4290
e 9 38 8731
e 32 44 4975
e 26 46 2676
e 43 48 6721
e 2 7 2314
e 20 39 6015
e 41 46 118
e 16 27 449
e 31 33 3637
e 30 32 9003
e 15 23 3442
e 14 35 1808
e 20 23 8197
e 29 42 6721
e 31 45 7648
e 8 46 8546
e 7 25 9079
e 27 30 5952
e 4 6 7658
e 22 50 7252
e 18 48 472
e 6 43 3328
e 6 28 419
e 28 32 124
e 37 42 5715
e 38 46 7125
e 31 37 4775
e 10 21 9728
e 23 33 7553
e 11 16 3459
e 28 43 2512
e 5 48 178
e 27 39 7058
e 17 24 7351
e 26 42 847
e 9 32 4080
e 11 25 2287
e 38 47 7021
e 25 42 9987
e 46 49 252
e 3 16 614
e 19 40 6463
e 10 25 3570
e 36 37 133
e 17 50 5014
e 38 43 5934
e 7 44 7695
e 3 50 100
e 31 36 5602
e 41 50 5422
e 15 17 3238
e 10 11 5308
e 18 45 3371
e 19 34 7026
e 14 37 8303
e 15 34 4758
e 5 26 8348
e 3 33 3433
e 1 36 1549
e 3 12 2310
e 42 46 3842
e 28 30 141
e 9 15 2332
e 5 8 9515
e 16 42 4937
e 10 36 4169
e 10 14 8263
e 10 22 9569
e 4 5 5549
e 21 44 8450
e 16 39 3806
e 13 37 5593
e 10 26 3494
e 1 12 1177
e 17 25 2966
e 12 22 9206
e 33 44 2906
e 1 14 72
e 39 49 9078
e 18 32 2182
e 4 28 7952
e 18 40 693
e 6 13 4468
e 9 21 4990
e 6 32 2409
e 8 38 9244
e 7 47 4255
e 7 32 2319
e 15 25 9470
e 18 37 7603
e 1 35 9161
e 31 35 5111
e 15 50 3991
e 7 23 970
e 18 31 6864
e 7 17 2871
e 31 38 6622
e 9 10 8237
e 3 20 3459
e 19 41 7022
e 1 30 8764
e 3 21 3090
e 12 37 2234
e 7 21 1749
e 5 13 8297
e 39 50 3841
e 34 36 5774
e 19 47 8195
e 43 46 9072
e 12 26 9828
e 26 40 1474
e 6 35 7233
e 1 25 6123
e 11 34 354
e 13 36 8418
e 5 33 2008
e 16 36 7062
e 14 28 6022
e 24 46 4458
e 7 30 4825
e 20 45 4380
e 3 40 2933
e 15 26 2073
e 18 28 2571
e 12 39 660
e 32 39 7824
e 19 44 224
e 35 46 7268
e 34 42 7734
e 6 11 6034
e 8 18 7009
e 46 47 2490
e 1 19 60
e 13 23 7074
e 18 39 2108
e 21 36 2570
e 28 35 9638
e 1 45 6746
e 35 47 9305
e 9 16 5970
e 12 19 9420
e 2 11 6660
e 1 16 7896
e 21 29 318
e 5 11 6477
e 14 38 3392
e 10 30 7416
e 13 39 2
e 2 23 2674
e 18 22 6865
e 33 34 351
