c random 500 vertices, 5000 edges, seed = 3
g 500 5000
e 1 2 1048
e 2 3 3667
e 2 4 2280
e 1 5 3525
e 2 6 6739
e 5 7 2091
e 1 8 7689
e 3 9 2149
e 4 10 614
e 1 11 4884
e 3 12 29
e 4 13 206
e 11 14 6218
e 12 15 714
e 5 16 5170
e 3 17 9871
e 3 18 9233
e 16 19 7482
e 5 20 5800
e 3 21 7441
e 5 22 8874
e 7 23 3595
e 21 24 2871
e 17 25 5483
e 23 26 7451
e 20 27 9536
e 2 28 404
e 23 29 5425
e 15 30 9103
e 17 31 8612
e 23 32 6263
e 23 33 9392
e 22 34 4457
e 25 35 3108
e 4 36 9525
e 1 37 8216
e 35 38 4117
e 10 39 1550
e 9 40 9201
e 10 41 5
e 35 42 9159
e 25 43 1723
e 35 44 3700
e 36 45 1051
e 18 46 3135
e 19 47 5840
e 25 48 5970
e 19 49 6683
e 6 50 3472
e 26 51 2029
e 3 52 9742
e 33 53 9213
e 39 54 4276
e 34 55 9292
e 21 56 7810
e 45 57 420
e 50 58 9512
e 13 59 6736
e 58 60 9354
e 51 61 1728
e 51 62 7979
e 24 63 9941
e 25 64 6024
e 41 65 3063
e 52 66 3568
e 61 67 9529
e 55 68 2335
e 12 69 5996
e 44 70 727
e 28 71 3860
e 20 72 8944
e 17 73 1964
e 4 74 4044
e 43 75 8923
e 37 76 2784
e 57 77 2034
e 52 78 3426
e 66 79 1027
e 15 80 1218
e 5 81 1745
e 81 82 6831
e 29 83 6455
e 41 84 260
e 63 85 5921
e 11 86 8204
e 26 87 7575
e 10 88 9537
e 60 89 1248
e 22 90 1420
e 69 91 9296
e 90 92 1813
e 8 93 5896
e 34 94 7384
e 71 95 7374
e 27 96 3827
e 5 97 6089
e 47 98 5394
e 13 99 7941
e 2 100 503
e 60 101 7913
e 71 102 9537
e 6 103 2864
e 7 104 2782
e 21 105 1031
e 39 106 1236
e 16 107 7386
e 83 108 844
e 91 109 3016
e 6 110 7678
e 53 111 8686
e 42 112 8452
e 49 113 5013
e 26 114 1863
e 19 115 927
e 103 116 8407
e 77 117 7649
e 104 118 1957
e 70 119 1914
e 119 120 6844
e 108 121 2982
e 18 122 6396
e 100 123 1555
e 106 124 1181
e 44 125 5588
e 62 126 3390
e 10 127 5881
e 107 128 4813
e 97 129 8696
e 23 130 1695
e 3 131 8519
e 120 132 1496
e 62 133 1846
e 98 134 6380
e 47 135 3372
e 56 136 2702
e 75 137 6443
e 38 138 4997
e 119 139 5185
e 125 140 4329
e 11 141 8411
e 100 142 6680
e 42 143 155
e 75 144 8069
e 78 145 4960
e 86 146 1550
e 70 147 7671
e 137 148 402
e 30 149 2226
e 69 150 2862
e 50 151 3946
e 63 152 5902
e 23 153 5084
e 3 154 6934
e 126 155 9737
e 46 156 8997
e 4 157 460
e 33 158 8133
e 35 159 1625
e 77 160 9324
e 35 161 6447
e 48 162 269
e 79 163 344
e 163 164 6868
e 82 165 8179
e 78 166 6101
e 35 167 1212
e 147 168 1379
e 9 169 2180
e 78 170 747
e 50 171 55
e 170 172 8626
e 25 173 7127
e 112 174 7557
e 59 175 4574
e 108 176 6003
e 59 177 3603
e 87 178 2997
e 109 179 7044
e 111 180 167
e 162 181 2828
e 96 182 2242
e 37 183 2678
e 147 184 6579
e 173 185 5997
e 26 186 8871
e 148 187 8573
e 58 188 800
e 165 189 9020
e 144 190 1065
e 85 191 7994
e 113 192 3428
e 62 193 6330
e 156 194 421
e 157 195 688
e 21 196 6877
e 98 197 9876
e 126 198 1149
e 28 199 3005
e 179 200 8839
e 138 201 6726
e 102 202 6909
e 65 203 4209
e 191 204 855
e 5 205 7251
e 168 206 4205
e 34 207 5603
e 196 208 9038
e 70 209 4790
e 203 210 8043
e 175 211 4241
e 177 212 5013
e 88 213 4550
e 113 214 5519
e 65 215 4846
e 118 216 6341
e 39 217 9887
e 189 218 4992
e 203 219 4418
e 206 220 8950
e 191 221 1387
e 29 222 9149
e 220 223 7861
e 25 224 3580
e 184 225 929
e 35 226 8052
e 32 227 1338
e 210 228 8595
e 66 229 3802
e 110 230 2995
e 16 231 1829
e 157 232 7534
e 182 233 4958
e 87 234 2658
e 139 235 8836
e 235 236 6259
e 43 237 8722
e 75 238 6497
e 15 239 6764
e 5 240 8453
e 121 241 4051
e 27 242 2770
e 79 243 8997
e 89 244 3233
e 128 245 651
e 184 246 7987
e 35 247 4345
e 52 248 2629
e 201 249 5815
e 43 250 2700
e 193 251 3566
e 249 252 2762
e 13 253 2795
e 55 254 2161
e 229 255 4980
e 143 256 990
e 166 257 4934
e 194 258 6228
e 222 259 7223
e 8 260 6976
e 9 261 4194
e 190 262 6280
e 58 263 9708
e 234 264 4667
e 61 265 216
e 202 266 6850
e 56 267 5480
e 140 268 9914
e 45 269 1018
e 22 270 5980
e 27 271 9728
e 136 272 1207
e 27 273 2921
e 258 274 8411
e 45 275 6908
e 258 276 7990
e 10 277 4516
e 256 278 9276
e 24 279 8995
e 53 280 6662
e 180 281 4081
e 250 282 7483
e 86 283 5150
e 215 284 4369
e 154 285 7281
e 12 286 5529
e 122 287 3280
e 239 288 849
e 117 289 88
e 85 290 5237
e 281 291 3204
e 187 292 7429
e 146 293 6288
e 175 294 8858
e 230 295 900
e 103 296 8527
e 228 297 4790
e 290 298 8391
e 254 299 7249
e 74 300 2253
e 147 301 6476
e 81 302 5788
e 10 303 4348
e 144 304 2839
e 82 305 8837
e 296 306 862
e 107 307 385
e 149 308 5018
e 284 309 452
e 130 310 1075
e 289 311 6472
e 15 312 3472
e 7 313 7942
e 124 314 4659
e 138 315 8239
e 204 316 5633
e 291 317 8920
e 28 318 18
e 110 319 9676
e 279 320 8904
e 160 321 9548
e 298 322 1476
e 73 323 8190
e 296 324 5782
e 77 325 8094
e 229 326 3
e 201 327 6492
e 152 328 5860
e 126 329 2272
e 292 330 4298
e 163 331 5202
e 33 332 4738
e 203 333 2128
e 115 334 772
e 114 335 309
e 301 336 6438
e 70 337 1289
e 84 338 1037
e 156 339 3085
e 139 340 6868
e 332 341 2217
e 126 342 4990
e 185 343 7170
e 204 344 2257
e 269 345 4856
e 56 346 3629
e 216 347 261
e 266 348 599
e 67 349 33
e 69 350 564
e 16 351 5526
e 188 352 1546
e 119 353 4401
e 117 354 3517
e 5 355 6239
e 349 356 4799
e 244 357 4816
e 229 358 2337
e 116 359 7674
e 52 360 1796
e 289 361 55
e 336 362 443
e 309 363 9042
e 166 364 6125
e 255 365 2476
e 349 366 8880
e 94 367 2536
e 103 368 5631
e 116 369 9096
e 71 370 2673
e 200 371 6011
e 223 372 1880
e 92 373 2003
e 319 374 8053
e 245 375 7551
e 69 376 3465
e 51 377 3851
e 365 378 8956
e 317 379 6036
e 264 380 5081
e 254 381 5440
e 20 382 2843
e 49 383 1747
e 312 384 2621
e 115 385 6829
e 101 386 4738
e 42 387 3649
e 290 388 6491
e 205 389 7178
e 214 390 6340
e 344 391 2483
e 28 392 2454
e 55 393 6450
e 342 394 500
e 201 395 9521
e 323 396 5975
e 361 397 8961
e 372 398 3646
e 101 399 803
e 59 400 3430
e 145 401 2569
e 178 402 7574
e 104 403 1548
e 343 404 5954
e 58 405 4256
e 282 406 476
e 351 407 7342
e 358 408 2460
e 61 409 6697
e 377 410 2574
e 56 411 2236
e 228 412 8918
e 169 413 3132
e 208 414 2897
e 286 415 6693
e 58 416 5996
e 222 417 1142
e 272 418 8438
e 361 419 2887
e 209 420 8874
e 265 421 6978
e 7 422 5125
e 422 423 841
e 148 424 1692
e 297 425 7357
e 163 426 4586
e 163 427 4727
e 189 428 171
e 247 429 303
e 235 430 1978
e 412 431 7355
e 248 432 3716
e 288 433 9234
e 146 434 5296
e 104 435 1581
e 153 436 174
e 148 437 1633
e 46 438 303
e 326 439 584
e 37 440 9007
e 358 441 8566
e 100 442 4592
e 355 443 1734
e 400 444 7693
e 11 445 1817
e 440 446 7227
e 200 447 7745
e 424 448 7404
e 32 449 2430
e 248 450 2575
e 35 451 3379
e 157 452 5258
e 262 453 7629
e 387 454 7673
e 278 455 146
e 205 456 9126
e 274 457 9827
e 437 458 8713
e 194 459 7868
e 409 460 2779
e 456 461 7996
e 68 462 4211
e 68 463 7905
e 375 464 4652
e 56 465 2094
e 187 466 7974
e 457 467 3349
e 375 468 5487
e 327 469 5840
e 373 470 1669
e 122 471 8148
e 116 472 5834
e 209 473 6615
e 209 474 8310
e 384 475 9101
e 41 476 394
e 61 477 1775
e 270 478 8561
e 7 479 9371
e 459 480 2390
e 466 481 9238
e 237 482 1532
e 428 483 4914
e 291 484 8163
e 185 485 4363
e 348 486 4670
e 417 487 5836
e 292 488 1083
e 272 489 6836
e 267 490 4118
e 155 491 2002
e 389 492 7326
e 205 493 40
e 237 494 6239
e 24 495 379
e 4 496 6492
e 163 497 9526
e 443 498 4302
e 348 499 9173
e 303 500 2038
e 117 188 6733
e 41 195 7795
e 18 230 5290
e 48 310 8022
e 191 232 6677
e 181 278 4179
e 71 498 6486
e 288 344 8242
e 22 233 9742
e 87 454 6403
e 226 367 6384
e 108 277 5922
e 16 79 5295
e 218 282 9734
e 269 392 7053
e 45 99 2467
e 59 113 9954
e 336 401 2485
e 216 273 8563
e 186 435 362
e 268 320 5889
e 19 233 2102
e 67 254 6713
e 73 148 9886
e 244 371 5471
e 67 183 3465
e 7 154 5314
e 301 386 3150
e 308 489 3592
e 182 354 4916
e 90 451 7079
e 16 319 6259
e 137 209 4251
e 227 266 835
e 380 479 358
e 386 476 6231
e 408 451 9265
e 351 486 6789
e 9 499 2837
e 199 293 3789
e 445 486 2950
e 161 359 5315
e 277 426 3524
e 100 156 3090
e 49 66 5796
e 77 421 8319
e 177 466 4025
e 2 467 7684
e 43 219 8830
e 417 421 4449
e 153 353 8188
e 377 439 7131
e 217 402 2623
e 377 443 3751
e 230 357 7233
e 86 415 2965
e 83 386 6529
e 145 253 6889
e 253 306 794
e 158 346 8096
e 182 444 188
e 288 370 4631
e 107 387 4813
e 321 405 8396
e 18 234 1829
e 231 279 9422
e 69 231 4136
e 258 475 1292
e 98 99 3197
e 186 452 1688
e 284 464 7530
e 40 108 822
e 31 161 8021
e 20 194 7003
e 291 433 7128
e 325 412 6433
e 206 438 131
e 139 367 1028
e 92 216 4741
e 67 80 7299
e 341 346 9000
e 77 329 3589
e 58 399 1108
e 314 359 5911
e 270 301 6014
e 1 351 5198
e 183 342 6624
e 254 372 204
e 187 472 6497
e 160 297 214
e 380 452 2728
e 96 329 878
e 262 264 3317
e 243 484 5001
e 38 385 8458
e 111 186 7857
e 474 487 8354
e 116 220 2743
e 42 226 7059
e 217 383 7610
e 149 272 6990
e 117 315 4972
e 115 302 5501
e 123 192 3280
e 103 275 983
e 161 440 5820
e 248 341 3904
e 23 148 5052
e 38 265 546
e 449 484 3534
e 262 402 171
e 100 169 4455
e 102 142 3372
e 111 397 6048
e 37 464 3084
e 111 223 924
e 78 459 1580
e 113 454 5831
e 79 241 2433
e 145 185 2973
e 395 403 4787
e 57 136 3616
e 163 233 9985
e 209 352 5753
e 359 382 958
e 423 468 577
e 177 231 8830
e 146 357 1301
e 20 348 4134
e 225 377 4786
e 68 280 2124
e 7 157 2035
e 83 434 4202
e 144 481 465
e 299 373 9442
e 50 299 7915
e 2 199 8492
e 36 230 2079
e 260 411 9875
e 286 427 8116
e 214 354 5410
e 120 453 241
e 128 354 9666
e 124 267 7104
e 468 495 2829
e 60 317 7463
e 129 418 4959
e 34 192 3667
e 146 157 6356
e 324 418 8056
e 305 337 4159
e 94 165 2897
e 293 413 7738
e 129 498 2314
e 227 278 8080
e 255 259 9526
e 47 350 6958
e 361 448 2941
e 43 402 4814
e 90 440 3421
e 100 232 2382
e 217 323 7258
e 163 447 9739
e 183 224 2636
e 191 223 6734
e 475 479 2817
e 124 499 4917
e 57 388 4630
e 11 259 9847
e 285 433 4186
e 197 237 4963
e 165 254 2856
e 62 183 3759
e 125 361 1825
e 14 138 9721
e 240 428 2168
e 215 500 4937
e 196 231 8072
e 59 386 7033
e 105 195 3350
e 22 203 2444
e 296 376 7194
e 30 438 8091
e 104 117 5006
e 451 467 2266
e 410 472 1203
e 39 301 7457
e 332 385 2561
e 93 171 9574
e 199 268 5858
e 173 368 6844
e 167 390 9839
e 56 407 6626
e 92 156 3533
e 260 479 5988
e 83 488 340
e 362 443 5059
e 367 445 35
e 448 479 9443
e 221 430 9156
e 287 460 5507
e 153 453 3126
e 107 380 2167
e 343 417 2258
e 175 351 1973
e 253 273 613
e 144 500 1279
e 334 451 2949
e 146 359 3492
e 459 464 9150
e 47 233 8158
e 67 87 3472
e 196 232 7850
e 227 470 4780
e 342 456 4302
e 134 173 6218
e 31 480 2728
e 168 490 5716
e 160 324 6779
e 216 242 6240
e 6 128 3256
e 13 179 8026
e 92 213 4866
e 276 483 6974
e 251 395 1534
e 284 429 8829
e 190 268 2417
e 283 363 5103
e 307 350 3048
e 128 468 3461
e 35 365 9623
e 15 331 7366
e 166 232 2024
e 151 383 4642
e 173 235 2517
e 38 199 251
e 122 193 4250
e 134 159 6402
e 50 473 4314
e 158 195 6130
e 240 255 7497
e 108 372 6370
e 258 439 5379
e 81 104 2523
e 134 335 2894
e 330 444 455
e 443 450 3369
e 99 342 8630
e 63 250 9435
e 4 167 680
e 73 353 9016
e 113 208 1791
e 263 489 9091
e 15 488 6470
e 65 452 9687
e 28 475 8545
e 41 399 47
e 113 444 75
e 116 288 303
e 51 206 1945
e 146 475 9919
e 101 212 1675
e 130 288 1449
e 65 395 1711
e 147 216 2741
e 177 423 7425
e 71 428 6242
e 55 178 9811
e 51 366 4980
e 109 411 2492
e 108 309 1056
e 161 218 9838
e 222 426 5030
e 40 248 2440
e 154 466 40
e 165 222 7435
e 25 375 2631
e 337 398 8214
e 369 419 8101
e 338 496 9116
e 16 39 4924
e 74 388 5383
e 1 3 9386
e 284 442 7403
e 99 261 3273
e 1 462 8086
e 259 295 554
e 73 88 1153
e 140 481 3205
e 269 342 3915
e 145 215 4791
e 29 399 8114
e 93 225 8506
e 207 278 497
e 375 386 5780
e 57 420 1827
e 292 472 9291
e 419 469 3772
e 165 383 2727
e 308 499 2635
e 251 311 7987
e 264 269 7836
e 179 213 4888
e 340 414 7215
e 2 474 3680
e 52 452 9326
e 75 135 9452
e 410 496 3089
e 73 102 5297
e 14 171 2944
e 240 426 282
e 119 385 6991
e 41 238 8824
e 141 480 5724
e 33 266 9886
e 75 77 2403
e 59 424 4300
e 313 460 6441
e 152 388 2749
e 49 443 1871
e 132 209 9730
e 379 485 7497
e 229 335 3822
e 128 252 3607
e 69 222 7400
e 101 271 3538
e 16 168 1737
e 79 232 6534
e 178 208 5828
e 144 299 3059
e 340 499 8169
e 262 426 9661
e 191 242 2053
e 88 194 972
e 39 492 4195
e 173 429 4022
e 163 219 4986
e 175 279 7859
e 58 177 8648
e 262 352 5597
e 383 430 8929
e 149 367 6961
e 127 262 8549
e 260 348 5479
e 373 461 62
e 9 494 1170
e 95 444 2233
e 73 232 2591
e 408 497 8037
e 50 84 2096
e 115 120 5761
e 283 330 2453
e 372 487 5178
e 161 267 2366
e 313 377 3404
e 420 453 5721
e 64 393 1982
e 206 437 9131
e 87 200 241
e 233 359 9183
e 240 299 3630
e 154 322 9902
e 145 352 3433
e 296 450 5790
e 181 361 4267
e 52 468 4983
e 307 368 7874
e 28 321 3964
e 18 229 8031
e 324 387 3160
e 84 223 8274
e 243 371 6958
e 12 396 8678
e 187 277 5424
e 332 356 8199
e 109 196 8411
e 161 356 2157
e 142 420 1604
e 66 464 6286
e 286 436 5560
e 127 478 2889
e 242 283 6921
e 170 194 2335
e 315 414 5185
e 317 441 9545
e 233 486 9190
e 133 477 9130
e 143 423 681
e 32 195 749
e 49 237 3207
e 215 427 4717
e 3 56 4782
e 25 341 4284
e 212 249 1983
e 62 194 4203
e 343 395 4775
e 178 233 9073
e 28 396 247
e 154 265 4176
e 45 332 4264
e 443 465 1604
e 94 304 2769
e 12 105 6286
e 22 109 4632
e 284 438 4075
e 81 466 678
e 12 197 2434
e 232 378 9508
e 231 302 4001
e 24 87 8293
e 89 145 9533
e 126 389 3861
e 13 335 5008
e 35 410 387
e 49 331 3886
e 196 368 4124
e 63 439 8249
e 64 336 6320
e 180 429 9538
e 42 445 2489
e 82 306 4979
e 206 343 3156
e 375 443 2372
e 270 449 3701
e 122 463 5365
e 229 368 1479
e 152 220 5045
e 125 449 6914
e 268 397 6689
e 401 468 1705
e 227 237 9300
e 348 413 7121
e 224 465 7887
e 46 397 3167
e 58 197 9539
e 149 349 119
e 142 172 3144
e 193 279 423
e 167 463 5097
e 108 459 5732
e 129 424 8267
e 238 468 4965
e 146 389 5486
e 206 416 843
e 226 436 9610
e 14 133 4063
e 399 415 313
e 178 377 7507
e 174 496 4072
e 382 477 1413
e 270 321 2214
e 50 352 7319
e 244 422 1863
e 367 499 4054
e 274 435 8492
e 119 319 8690
e 231 430 3133
e 148 491 2880
e 268 286 8841
e 6 442 6381
e 52 193 222
e 71 486 1449
e 382 442 9662
e 63 479 3213
e 79 171 7330
e 23 278 7446
e 276 472 1183
e 59 396 8161
e 250 425 9689
e 383 445 8187
e 79 132 7484
e 365 478 2483
e 138 353 8094
e 308 459 3243
e 215 456 4137
e 188 249 4973
e 74 444 6388
e 353 498 4154
e 319 326 6408
e 382 418 1689
e 19 378 1926
e 74 330 5734
e 193 253 3383
e 366 496 3947
e 223 348 8163
e 122 466 9182
e 330 480 9390
e 207 216 3053
e 306 405 8099
e 202 489 2811
e 7 296 4041
e 30 359 1508
e 206 443 8762
e 42 131 8713
e 47 112 7921
e 6 185 5016
e 40 67 1241
e 356 378 64
e 68 287 7054
e 167 296 5754
e 240 288 3361
e 153 187 885
e 152 397 6128
e 108 462 5947
e 10 169 6147
e 174 181 2489
e 80 207 5
e 211 379 729
e 34 60 1495
e 175 192 4325
e 251 304 1771
e 58 321 8827
e 251 281 3711
e 33 111 4140
e 222 376 763
e 21 30 6145
e 159 492 3555
e 101 136 8357
e 365 406 8638
e 158 379 5827
e 277 497 9282
e 45 173 7439
e 204 312 8740
e 376 403 5196
e 104 443 1368
e 367 478 6655
e 245 312 8817
e 118 243 1011
e 158 275 9353
e 370 499 2898
e 234 236 5511
e 63 340 7056
e 183 487 7340
e 277 470 9524
e 20 443 670
e 209 264 496
e 2 251 759
e 281 464 4067
e 115 425 3374
e 154 300 3836
e 101 108 8176
e 284 450 1997
e 348 382 1420
e 422 482 8158
e 321 392 3133
e 78 281 5141
e 129 375 3588
e 192 284 3463
e 266 343 6332
e 223 308 9202
e 117 499 4401
e 168 220 5922
e 202 497 7420
e 94 457 2072
e 197 323 2270
e 22 112 2952
e 245 408 8024
e 98 333 7214
e 186 241 2509
e 129 231 1461
e 434 490 9758
e 9 336 5317
e 135 383 8462
e 26 200 4296
e 249 392 230
e 111 291 5762
e 129 173 5394
e 21 237 7299
e 378 450 5035
e 305 441 7116
e 138 340 4828
e 17 308 8109
e 118 464 2668
e 421 475 6171
e 309 343 243
e 451 489 6814
e 270 499 8726
e 368 387 6470
e 298 419 6277
e 3 495 6866
e 34 413 1531
e 219 241 2314
e 405 411 3512
e 48 71 1711
e 42 174 4784
e 209 350 1768
e 69 163 4944
e 76 112 4047
e 137 152 4458
e 17 390 8324
e 49 105 356
e 101 431 5664
e 403 436 1954
e 216 233 6950
e 119 413 7433
e 113 411 2349
e 53 339 462
e 235 249 6656
e 50 296 4140
e 122 303 5697
e 281 405 9798
e 22 389 3984
e 212 256 4390
e 59 209 8161
e 149 174 180
e 62 390 5698
e 103 229 8667
e 1 499 349
e 343 470 398
e 261 302 6621
e 305 376 1449
e 82 153 833
e 147 255 597
e 93 424 6907
e 291 489 944
e 119 452 7393
e 29 396 1390
e 3 132 6675
e 24 171 5468
e 223 485 3090
e 206 288 7069
e 281 383 1959
e 129 482 1179
e 90 306 7032
e 52 291 8659
e 104 110 7844
e 203 492 639
e 95 208 9872
e 171 272 7904
e 37 70 6258
e 56 336 5007
e 127 450 235
e 445 500 7553
e 152 429 2137
e 202 208 9264
e 139 201 2175
e 278 412 4727
e 352 404 4447
e 125 240 6616
e 216 344 3268
e 200 380 5323
e 69 432 8389
e 162 319 90
e 436 450 5910
e 27 80 9743
e 138 453 7142
e 477 478 9970
e 174 500 3878
e 300 408 911
e 68 386 1708
e 400 401 9229
e 301 406 5299
e 33 461 7527
e 133 358 4555
e 308 336 9714
e 292 382 2209
e 21 344 6946
e 31 390 5683
e 83 242 5442
e 67 101 9817
e 231 235 4456
e 279 377 8945
e 82 341 5452
e 118 277 625
e 223 392 1074
e 16 25 6889
e 130 329 600
e 142 443 4862
e 166 185 3321
e 122 464 2505
e 101 248 8618
e 95 135 8955
e 13 387 6987
e 91 196 8605
e 246 482 8001
e 307 362 8175
e 376 390 3940
e 274 347 6728
e 239 445 7548
e 37 482 8929
e 38 357 5909
e 226 434 3434
e 249 444 2191
e 90 468 4693
e 168 234 421
e 182 462 2811
e 419 455 9493
e 268 288 1175
e 119 242 7344
e 60 226 3783
e 98 157 2920
e 337 472 5500
e 151 446 9234
e 267 352 3472
e 309 447 5265
e 183 316 2481
e 292 365 5921
e 173 448 3470
e 342 354 5284
e 162 320 7670
e 441 492 2693
e 262 354 8920
e 87 212 7940
e 50 159 7604
e 87 123 8734
e 226 449 2974
e 87 465 1058
e 192 231 9653
e 161 334 28
e 280 426 9994
e 144 215 3806
e 112 173 9563
e 266 292 3656
e 9 320 5342
e 266 291 1761
e 140 345 2095
e 142 145 2688
e 108 145 4411
e 339 443 8154
e 106 216 9279
e 96 280 7193
e 159 339 5330
e 55 423 7871
e 330 485 651
e 267 387 5649
e 86 278 5679
e 81 415 5290
e 9 191 980
e 130 330 5505
e 10 410 1547
e 151 448 4623
e 249 308 5976
e 402 480 5432
e 373 429 5212
e 334 369 9585
e 386 430 1469
e 124 252 9349
e 116 390 5196
e 3 4 1546
e 93 143 1562
e 60 97 597
e 38 49 7727
e 53 457 6595
e 356 380 9584
e 448 450 5152
e 160 287 4608
e 94 228 3797
e 186 342 3443
e 41 430 9769
e 36 197 8808
e 194 480 3368
e 156 286 8380
e 168 378 8007
e 263 462 5718
e 291 408 4364
e 17 217 8412
e 233 309 8512
e 252 453 6461
e 191 281 9260
e 32 471 1965
e 30 173 5670
e 147 484 6461
e 154 452 7839
e 170 450 1069
e 69 104 4734
e 15 419 6764
e 29 219 7604
e 82 116 9213
e 340 484 5522
e 52 68 2727
e 60 438 2743
e 341 381 6722
e 129 458 9951
e 55 59 9000
e 152 290 2841
e 167 374 6183
e 235 360 6006
e 122 147 4188
e 68 356 2777
e 238 327 7556
e 28 251 6246
e 163 359 445
e 226 237 1415
e 73 114 7034
e 55 317 7713
e 421 472 2595
e 68 190 9905
e 384 483 5179
e 238 297 5432
e 89 344 423
e 133 352 8405
e 188 252 8985
e 202 232 141
e 51 174 1213
e 175 472 1902
e 126 149 2696
e 255 398 2127
e 275 452 3860
e 110 408 2989
e 28 31 178
e 285 316 5685
e 221 393 7064
e 24 135 7741
e 60 266 1961
e 123 313 5121
e 194 308 6966
e 160 371 5063
e 57 134 8650
e 295 418 5140
e 266 390 4858
e 39 456 8575
e 407 461 8166
e 12 47 2092
e 151 297 4025
e 36 334 8662
e 23 299 6617
e 24 310 6218
e 108 129 5327
e 12 397 7867
e 351 423 3242
e 300 379 5897
e 132 277 566
e 332 415 3307
e 387 480 3317
e 40 228 4131
e 5 146 6400
e 2 442 8449
e 222 486 2103
e 219 434 2032
e 68 314 1084
e 340 449 1354
e 142 284 3531
e 91 332 4840
e 22 145 9155
e 349 474 4451
e 201 479 6000
e 404 485 7225
e 22 68 1013
e 48 294 1396
e 220 460 5309
e 150 346 8549
e 36 449 8893
e 25 382 525
e 193 463 8673
e 275 329 4213
e 173 330 5229
e 150 499 1911
e 60 437 8204
e 73 291 6386
e 4 260 754
e 34 231 374
e 241 325 1587
e 237 469 2056
e 196 485 4170
e 346 404 772
e 159 461 8128
e 72 148 172
e 117 126 9552
e 17 52 4487
e 371 415 7972
e 226 411 2013
e 244 332 6616
e 453 488 4530
e 85 388 295
e 86 314 384
e 8 150 9115
e 333 393 9487
e 48 288 1069
e 327 348 3069
e 19 204 4363
e 278 339 4907
e 12 156 3186
e 222 497 1543
e 91 437 3668
e 172 431 1614
e 298 393 7266
e 3 334 4653
e 78 258 9191
e 163 265 6954
e 194 267 2685
e 211 251 4974
e 168 389 4991
e 186 367 228
e 335 353 2156
e 106 484 9652
e 203 453 6861
e 145 179 3405
e 203 276 4314
e 164 420 6989
e 237 480 5210
e 119 450 393
e 1 253 8722
e 89 257 3763
e 89 489 5345
e 219 452 1941
e 271 430 5214
e 252 417 8141
e 308 398 5603
e 101 205 5510
e 134 356 9898
e 13 389 736
e 21 384 4196
e 290 471 2441
e 147 243 6682
e 71 240 213
e 346 386 6177
e 120 236 1524
e 49 194 9270
e 253 496 5868
e 391 428 2882
e 78 235 8628
e 87 498 578
e 131 272 1636
e 123 437 5983
e 307 453 5120
e 308 324 4757
e 353 411 3253
e 211 396 928
e 44 364 1758
e 82 360 5983
e 97 331 4451
e 462 494 6479
e 424 459 724
e 99 433 2041
e 15 390 4147
e 288 359 8100
e 20 222 5215
e 20 298 9383
e 349 390 7336
e 103 193 7879
e 158 447 5701
e 39 355 7578
e 63 313 3242
e 17 490 8848
e 164 421 7499
e 180 331 9029
e 311 435 7394
e 104 432 8425
e 29 286 7178
e 50 342 2914
e 310 477 9931
e 203 374 0
e 19 478 4105
e 204 428 2024
e 168 257 1205
e 10 436 1798
e 184 340 9024
e 397 484 3215
e 26 235 2940
e 49 121 887
e 137 401 5488
e 1 96 2630
e 236 247 1959
e 56 278 8366
e 340 400 6578
e 49 497 9662
e 6 463 4300
e 254 487 550
e 15 263 3100
e 238 381 9373
e 191 212 953
e 264 401 516
e 177 369 7503
e 482 497 2733
e 230 429 2619
e 93 275 3225
e 78 434 8362
e 118 146 3160
e 221 357 2408
e 20 365 7216
e 265 291 5935
e 357 415 6222
e 35 424 7482
e 118 369 6805
e 98 488 555
e 385 493 6353
e 6 481 8833
e 32 426 6124
e 235 331 7108
e 75 125 7049
e 156 399 3403
e 167 190 406
e 80 284 4510
e 299 300 1423
e 77 428 939
e 29 241 4840
e 364 457 2054
e 367 454 3574
e 102 483 1117
e 93 195 3261
e 70 290 3546
e 113 376 5159
e 93 108 4549
e 316 467 627
e 73 125 4450
e 460 466 5831
e 471 500 4559
e 121 354 4457
e 316 483 1240
e 121 343 6833
e 105 421 2945
e 291 334 3998
e 90 144 1404
e 43 94 8393
e 229 461 28
e 133 339 9999
e 75 230 7669
e 22 278 4854
e 133 305 7294
e 264 278 8886
e 148 215 9261
e 30 33 4712
e 45 189 8466
e 45 228 1635
e 83 217 5878
e 368 386 1859
e 346 350 2537
e 265 436 8700
e 449 487 2428
e 91 322 5854
e 29 242 990
e 177 273 3712
e 63 183 2242
e 202 273 461
e 80 261 6838
e 289 417 8884
e 113 165 8903
e 256 355 4948
e 5 467 3658
e 176 291 2662
e 280 416 3622
e 9 484 5359
e 164 434 351
e 334 397 2959
e 155 250 3188
e 328 386 1725
e 229 269 8528
e 17 391 2385
e 167 317 9281
e 359 362 6499
e 41 157 1038
e 257 446 605
e 39 382 9392
e 53 157 2591
e 307 415 3184
e 383 434 8469
e 151 494 1755
e 133 137 8232
e 3 339 9610
e 83 423 7552
e 227 236 5242
e 211 491 8428
e 320 379 4557
e 308 330 5886
e 274 311 1051
e 298 398 3244
e 212 459 3873
e 287 427 2792
e 388 405 7503
e 38 298 3687
e 27 173 5691
e 286 307 2261
e 101 189 4857
e 77 181 712
e 107 366 1855
e 95 177 1715
e 6 331 1024
e 93 280 998
e 44 165 9461
e 152 284 1426
e 63 312 5471
e 325 426 6992
e 323 384 3455
e 90 444 9512
e 182 286 7567
e 370 493 6
e 297 333 9198
e 228 275 2443
e 315 471 2477
e 273 390 5013
e 70 187 5765
e 188 330 336
e 42 360 5989
e 255 349 2636
e 131 400 6865
e 41 277 8359
e 48 187 3668
e 19 249 2084
e 243 298 8905
e 150 185 6585
e 335 345 8240
e 279 422 4639
e 51 320 5214
e 144 489 6642
e 358 486 4479
e 50 456 8472
e 346 438 1283
e 25 86 9522
e 216 455 4255
e 4 56 3448
e 40 384 5385
e 433 459 8817
e 68 310 6159
e 95 409 9581
e 132 338 7272
e 28 468 4327
e 155 399 4523
e 46 208 9580
e 269 432 3156
e 246 382 3338
e 20 68 1992
e 190 414 3730
e 16 281 6632
e 9 232 5656
e 182 439 9002
e 39 76 3952
e 38 486 8024
e 223 270 7070
e 368 441 1214
e 272 367 8796
e 65 407 8217
e 21 314 5656
e 367 470 1820
e 54 108 2831
e 139 450 1434
e 20 399 6106
e 271 281 2091
e 239 339 1808
e 121 254 7311
e 50 374 265
e 245 456 7926
e 248 424 1907
e 113 190 731
e 57 252 2242
e 122 491 4475
e 234 324 6827
e 38 404 797
e 307 493 9868
e 38 86 2048
e 205 488 1629
e 432 447 444
e 15 360 15
e 79 468 5953
e 15 123 3507
e 62 274 5608
e 352 444 7031
e 259 423 4783
e 144 258 5282
e 401 486 4508
e 65 265 6531
e 32 306 9889
e 40 324 843
e 149 150 6434
e 124 280 562
e 85 412 6880
e 35 130 8845
e 72 317 4407
e 99 121 6989
e 171 280 8434
e 37 155 9444
e 198 471 1258
e 317 499 7030
e 148 262 7020
e 22 321 1505
e 138 225 57
e 195 326 8521
e 190 321 3520
e 20 227 7979
e 319 439 3043
e 42 110 5491
e 66 211 1192
e 124 457 887
e 180 305 2621
e 203 286 5484
e 153 365 8992
e 401 471 5377
e 26 250 2703
e 261 285 1709
e 80 473 8525
e 343 466 3065
e 70 227 6439
e 190 387 7886
e 331 358 884
e 142 221 9638
e 115 396 2279
e 414 462 3820
e 316 382 3707
e 150 190 4709
e 259 366 5167
e 31 225 6616
e 134 138 319
e 60 327 5414
e 1 315 7397
e 92 308 8073
e 270 393 6009
e 58 312 1606
e 322 468 3861
e 19 114 8751
e 249 329 6108
e 225 446 8219
e 259 393 6966
e 103 120 2876
e 299 391 4389
e 351 402 1853
e 268 421 6180
e 39 152 7972
e 24 89 7646
e 240 303 527
e 282 332 3139
e 277 315 6265
e 19 118 5053
e 341 424 3292
e 417 500 2983
e 106 227 4329
e 232 282 2472
e 85 427 2036
e 66 126 2150
e 180 223 9201
e 389 421 3011
e 292 420 9999
e 407 446 2950
e 94 131 8343
e 204 210 4574
e 149 191 3174
e 269 347 4507
e 344 405 4622
e 3 227 8588
e 43 286 6234
e 254 345 8941
e 272 298 9900
e 171 224 2070
e 115 469 551
e 93 494 6749
e 28 423 534
e 112 382 5963
e 62 312 9932
e 195 366 9642
e 171 485 2586
e 63 365 777
e 135 342 6498
e 381 494 9157
e 297 403 4258
e 62 92 6539
e 22 143 8149
e 128 440 9968
e 25 340 3523
e 16 117 1565
e 215 295 8345
e 27 310 993
e 379 399 9707
e 122 269 4380
e 95 144 1086
e 354 423 5281
e 58 489 2244
e 147 209 8564
e 122 283 5701
e 426 433 1090
e 101 254 1574
e 206 385 4837
e 64 262 3370
e 161 344 314
e 29 326 6032
e 104 375 462
e 59 191 5889
e 16 114 4099
e 86 308 5490
e 12 440 3917
e 5 208 4282
e 281 348 2162
e 9 87 9640
e 280 420 4493
e 227 492 9140
e 34 352 7041
e 87 328 1470
e 136 192 6195
e 241 334 6895
e 427 499 7834
e 8 445 2101
e 459 465 6290
e 118 344 5286
e 23 349 2018
e 387 422 3234
e 256 375 9821
e 159 372 3120
e 191 196 5337
e 269 323 1934
e 189 345 6846
e 189 382 7406
e 35 49 7142
e 216 409 1193
e 435 447 2097
e 43 271 8698
e 30 159 1060
e 170 335 7739
e 97 174 2872
e 198 206 6158
e 59 97 7437
e 32 97 7716
e 42 248 4235
e 360 483 6595
e 30 160 1299
e 41 324 4645
e 314 445 7698
e 188 496 6017
e 44 194 53
e 89 313 898
e 345 456 8277
e 421 499 4247
e 243 373 6653
e 97 471 8016
e 32 415 2196
e 62 85 3165
e 427 495 2420
e 10 128 9354
e 136 358 4927
e 59 111 2560
e 38 83 9379
e 460 467 4218
e 65 185 8808
e 230 430 3040
e 22 280 2663
e 223 236 1093
e 37 406 3113
e 89 193 5476
e 192 390 9815
e 173 440 4588
e 332 500 2174
e 53 182 3689
e 333 430 3856
e 330 500 7126
e 158 252 7607
e 84 174 1875
e 46 268 8301
e 371 389 4328
e 83 311 45
e 153 183 6688
e 70 261 7336
e 273 309 6439
e 47 412 618
e 108 401 4642
e 348 404 6843
e 69 340 9689
e 244 472 4999
e 296 500 2338
e 108 340 5664
e 242 429 3861
e 255 441 4315
e 199 406 5377
e 126 500 1242
e 58 491 8715
e 174 475 6895
e 192 353 4258
e 11 312 6843
e 314 423 987
e 190 204 2865
e 310 336 4194
e 170 292 8444
e 236 364 4624
e 378 492 7317
e 147 208 1990
e 368 415 355
e 103 340 1530
e 31 144 5417
e 410 432 6869
e 78 199 3166
e 176 284 5618
e 292 465 3191
e 309 430 7048
e 237 484 8375
e 295 441 1911
e 47 476 2631
e 76 126 2521
e 36 37 2386
e 76 293 1417
e 63 71 3027
e 134 343 8384
e 306 351 9683
e 253 379 9422
e 366 408 4207
e 67 261 910
e 124 146 5626
e 65 66 3208
e 239 494 2899
e 188 477 4535
e 33 175 9565
e 171 395 7676
e 157 190 8528
e 118 301 734
e 105 496 7922
e 23 329 7870
e 30 290 1684
e 141 172 9201
e 384 499 3946
e 124 500 3378
e 40 465 6090
e 2 304 116
e 6 150 3807
e 11 444 1510
e 235 258 8415
e 100 315 7273
e 105 106 7641
e 347 420 2384
e 266 436 5778
e 172 271 7021
e 98 226 39
e 241 357 4460
e 373 388 9453
e 262 299 4789
e 198 401 9372
e 337 448 575
e 68 458 4401
e 147 354 1680
e 94 480 5100
e 75 500 1776
e 28 34 7467
e 174 472 8653
e 114 375 2406
e 204 434 5965
e 439 462 1929
e 78 375 3317
e 75 272 9699
e 283 405 8065
e 19 348 8453
e 208 432 6590
e 68 451 3277
e 150 285 4352
e 309 404 379
e 224 420 6748
e 5 406 381
e 43 172 1837
e 69 192 1277
e 103 366 2963
e 208 337 403
e 114 414 9912
e 68 448 2826
e 367 448 4217
e 237 341 4600
e 405 493 3722
e 40 237 5210
e 151 298 1047
e 340 465 4887
e 436 461 2227
e 40 222 6766
e 205 443 2761
e 370 494 8256
e 71 262 518
e 399 480 5595
e 147 192 8651
e 51 158 1318
e 82 411 1750
e 57 397 7617
e 226 369 8407
e 139 390 2789
e 184 259 9457
e 308 377 6479
e 380 430 4334
e 53 354 3737
e 56 351 8314
e 15 245 1027
e 16 112 5758
e 40 224 8053
e 8 199 9672
e 90 269 6874
e 27 70 6085
e 170 327 485
e 59 200 8616
e 104 245 7445
e 155 280 7516
e 41 349 2485
e 264 456 7218
e 287 498 3869
e 201 462 9348
e 91 281 7752
e 35 294 9031
e 41 132 5101
e 56 376 2178
e 13 100 5500
e 276 352 9711
e 67 337 3079
e 72 422 3467
e 176 448 6247
e 9 196 1570
e 180 248 1371
e 217 253 4215
e 25 398 439
e 290 498 3671
e 177 373 5135
e 39 210 1429
e 1 48 8807
e 101 128 9168
e 253 493 3069
e 310 346 2789
e 265 462 4351
e 387 388 1738
e 22 298 6782
e 321 494 2232
e 56 498 877
e 265 459 2797
e 361 382 2183
e 157 186 377
e 67 487 2681
e 21 456 5335
e 316 478 4193
e 410 437 9430
e 407 460 8953
e 147 288 2181
e 386 460 4036
e 120 313 6127
e 30 222 9622
e 75 371 2384
e 36 280 5159
e 292 498 801
e 437 482 8951
e 359 405 1862
e 255 269 4018
e 138 381 3560
e 118 278 9360
e 321 486 2646
e 138 311 2256
e 264 495 4787
e 11 289 7221
e 268 463 6351
e 45 464 9508
e 161 500 5452
e 148 173 2745
e 34 138 1724
e 234 492 1458
e 83 162 9176
e 239 487 1497
e 26 349 1473
e 163 239 7754
e 32 368 2875
e 61 234 5797
e 199 303 2895
e 218 423 1298
e 49 500 5888
e 95 398 9540
e 197 493 7877
e 147 318 1685
e 51 429 3981
e 62 417 8034
e 288 379 3356
e 123 479 7917
e 70 450 8527
e 377 446 5937
e 231 459 8423
e 73 168 1188
e 27 220 9173
e 358 440 6796
e 58 449 252
e 48 396 7722
e 93 408 9847
e 198 289 6882
e 8 317 530
e 21 287 1035
e 234 327 9168
e 404 459 6869
e 303 411 3683
e 269 487 1298
e 15 84 2957
e 105 109 30
e 167 335 4475
e 71 227 2338
e 446 456 9655
e 363 478 4933
e 256 315 3005
e 428 466 5983
e 35 442 1553
e 17 147 2404
e 5 192 9073
e 146 311 2172
e 220 343 9941
e 167 329 9684
e 35 437 856
e 432 459 7597
e 230 235 6705
e 171 329 9597
e 192 364 3812
e 319 413 1597
e 127 373 1242
e 317 457 8843
e 175 427 9240
e 427 439 8329
e 146 215 8824
e 230 249 1208
e 83 371 5012
e 156 376 6764
e 6 62 4884
e 144 369 3961
e 28 98 6389
e 277 452 9658
e 138 180 3517
e 135 236 9589
e 281 367 7993
e 66 378 6708
e 314 380 1060
e 395 464 8567
e 143 349 2274
e 76 424 3647
e 240 356 8537
e 129 276 81
e 406 492 4666
e 150 151 5516
e 368 467 9628
e 167 419 511
e 23 467 4897
e 1 165 5011
e 76 101 3683
e 234 378 1783
e 81 257 5309
e 82 467 9149
e 166 459 5872
e 7 476 837
e 214 380 3315
e 133 159 2557
e 61 188 1583
e 50 124 460
e 153 280 4862
e 214 437 6616
e 26 334 426
e 54 130 7499
e 41 452 4440
e 238 443 4722
e 249 295 1379
e 17 170 2682
e 87 369 3694
e 442 480 4289
e 178 495 4535
e 105 316 4813
e 164 429 4767
e 44 288 8471
e 122 391 764
e 211 337 1497
e 54 131 8749
e 427 468 7825
e 286 448 5769
e 275 464 8860
e 271 274 9299
e 74 493 4478
e 278 341 8811
e 118 472 8393
e 127 193 7075
e 14 245 8869
e 180 379 1897
e 46 441 1752
e 177 215 8327
e 23 151 1072
e 3 455 3089
e 241 497 6987
e 207 458 4291
e 148 163 8883
e 31 147 8897
e 199 387 481
e 167 491 5562
e 295 326 1804
e 227 401 9014
e 269 419 6456
e 191 334 72
e 14 281 8998
e 138 233 9404
e 134 237 5361
e 157 457 712
e 56 126 5821
e 35 83 8975
e 389 398 347
e 130 217 5626
e 157 422 8422
e 396 484 1757
e 33 477 2376
e 391 488 1245
e 21 392 2644
e 301 375 9599
e 11 368 5204
e 239 341 7390
e 347 444 5227
e 178 328 1501
e 135 347 6448
e 80 177 9102
e 279 325 7239
e 27 471 1098
e 125 379 5344
e 457 463 6028
e 77 285 7573
e 46 407 5404
e 127 244 6922
e 358 454 8757
e 77 250 3331
e 149 285 8657
e 146 196 3065
e 353 429 1660
e 245 410 6413
e 306 367 2265
e 17 410 5673
e 142 373 6750
e 329 442 1920
e 32 464 5883
e 5 236 5364
e 42 423 4823
e 157 433 1515
e 18 490 1334
e 244 462 6138
e 275 370 6442
e 81 149 645
e 202 457 8203
e 5 173 1534
e 1 85 4481
e 175 213 5158
e 4 210 7135
e 58 213 1510
e 263 344 322
e 70 186 7264
e 301 340 6619
e 159 391 5163
e 9 402 7442
e 160 343 9375
e 131 304 5890
e 345 410 7930
e 115 445 5289
e 177 480 5539
e 95 246 4313
e 148 372 7596
e 126 197 9653
e 63 141 3144
e 259 336 3071
e 447 484 1009
e 257 449 5466
e 228 254 3953
e 1 14 6805
e 159 404 9419
e 6 476 4613
e 450 476 1835
e 99 282 8949
e 258 304 2247
e 370 489 7429
e 81 185 4440
e 9 149 5999
e 9 253 9861
e 183 197 2608
e 143 306 5473
e 16 133 416
e 38 255 2946
e 337 459 1165
e 14 209 2393
e 23 143 5962
e 308 309 3623
e 26 396 9020
e 137 391 9981
e 409 444 1590
e 117 449 810
e 217 283 6036
e 372 423 7221
e 32 309 711
e 227 395 8686
e 3 316 7585
e 139 471 471
e 450 474 531
e 152 401 9485
e 130 323 9721
e 160 254 1954
e 52 86 5227
e 82 479 881
e 308 367 9606
e 50 54 1038
e 206 302 9370
e 369 451 6069
e 60 443 9905
e 42 288 5902
e 13 230 8722
e 150 432 1872
e 145 295 4731
e 331 359 1829
e 229 439 5144
e 132 327 1310
e 74 441 209
e 131 345 1838
e 84 241 2310
e 57 223 943
e 137 496 3210
e 111 228 3465
e 293 401 830
e 374 378 3656
e 289 344 3334
e 200 339 2860
e 182 397 9073
e 237 437 1223
e 13 268 3935
e 242 351 5319
e 223 500 8903
e 49 87 8212
e 93 477 9208
e 227 408 618
e 37 234 9646
e 199 398 5883
e 185 475 4362
e 200 279 8734
e 217 439 8799
e 154 416 4188
e 230 298 7264
e 377 408 4695
e 52 230 2083
e 6 373 894
e 51 363 2327
e 63 234 2745
e 54 372 8264
e 67 495 7782
e 259 408 4157
e 108 217 514
e 81 250 8975
e 48 344 156
e 13 404 8038
e 219 394 6072
e 391 481 2466
e 28 480 8773
e 31 407 158
e 138 395 418
e 279 345 7700
e 19 179 4711
e 168 339 5804
e 118 178 4878
e 41 267 2252
e 441 477 8420
e 27 497 8292
e 384 441 3395
e 230 304 7754
e 309 426 4211
e 326 397 5814
e 73 308 9516
e 302 422 1125
e 149 458 9421
e 361 454 5752
e 53 425 6972
e 51 496 1933
e 276 341 6023
e 55 84 6640
e 400 483 1324
e 7 354 7674
e 265 477 8756
e 5 169 8352
e 149 296 1945
e 149 374 4629
e 4 298 848
e 193 216 3961
e 220 391 2862
e 202 296 8813
e 34 176 1544
e 155 482 7933
e 267 294 9080
e 120 235 3393
e 311 340 5912
e 158 490 8512
e 241 450 7133
e 358 418 6036
e 95 189 9996
e 230 239 8783
e 151 469 5
e 32 170 4302
e 8 411 9832
e 88 477 7018
e 80 286 7758
e 29 462 7305
e 407 443 3779
e 19 80 3640
e 131 137 9664
e 369 435 9649
e 29 244 8565
e 181 407 4787
e 364 377 8584
e 134 164 9347
e 400 422 6617
e 401 490 5353
e 172 201 3938
e 84 378 7589
e 397 451 7636
e 103 212 4311
e 46 480 2691
e 125 447 714
e 191 348 9819
e 115 372 8718
e 231 379 8198
e 30 328 1893
e 29 123 5204
e 13 205 5691
e 42 472 7481
e 28 314 2249
e 26 446 1184
e 152 372 5880
e 129 290 7580
e 187 237 811
e 381 414 8921
e 338 421 6300
e 163 246 1094
e 157 368 8752
e 295 494 4892
e 75 344 4149
e 14 432 9006
e 314 424 9705
e 123 310 661
e 85 399 7251
e 163 197 1902
e 432 444 4895
e 325 472 5593
e 214 333 6469
e 48 65 236
e 119 402 4632
e 23 436 5673
e 118 264 9890
e 255 428 4490
e 258 341 5037
e 27 79 4504
e 13 110 1689
e 209 261 3496
e 97 444 7003
e 238 441 2539
e 264 471 629
e 117 383 6426
e 172 266 2285
e 172 306 5995
e 320 421 517
e 113 139 1298
e 147 181 8176
e 156 388 6063
e 262 405 1434
e 485 499 726
e 236 452 1659
e 36 218 9281
e 314 466 3818
e 439 476 2916
e 79 164 2247
e 147 227 7872
e 311 361 6657
e 27 191 5814
e 125 308 833
e 33 83 9314
e 130 211 9324
e 4 194 1728
e 34 280 2920
e 113 492 8440
e 292 456 2990
e 181 235 6614
e 172 472 4386
e 49 115 9750
e 132 294 2047
e 100 431 1549
e 20 447 7327
e 313 449 9698
e 123 266 6472
e 188 247 8141
e 10 153 3991
e 49 164 735
e 246 269 457
e 77 137 1474
e 275 445 7074
e 304 405 8034
e 216 341 7171
e 333 472 5109
e 57 302 4453
e 32 485 9699
e 228 464 8879
e 55 233 1745
e 288 314 406
e 117 140 6032
e 250 324 6593
e 55 146 5791
e 211 365 3448
e 227 451 8156
e 62 402 5531
e 62 107 3089
e 139 353 8114
e 326 486 3047
e 185 470 2363
e 144 355 354
e 147 487 415
e 21 427 9859
e 128 466 7160
e 11 486 44
e 260 422 4508
e 334 390 9214
e 116 259 9651
e 127 130 5374
e 437 487 4821
e 10 112 1924
e 70 114 6717
e 429 461 3799
e 214 398 2638
e 425 488 5346
e 111 348 7025
e 18 154 5472
e 429 450 5669
e 164 233 1118
e 192 484 2674
e 88 125 4991
e 62 476 5658
e 160 257 7947
e 26 122 9355
e 442 459 2006
e 158 279 8574
e 136 287 2792
e 238 259 8559
e 103 485 6911
e 53 362 3523
e 214 238 3537
e 313 371 4795
e 226 477 2542
e 48 195 1809
e 312 359 6269
e 344 361 8391
e 110 321 6520
e 235 357 8173
e 137 279 3442
e 311 421 1889
e 103 425 9991
e 296 335 7311
e 171 192 3216
e 84 252 8252
e 271 342 3437
e 63 107 6852
e 288 440 3499
e 1 131 1525
e 51 212 1698
e 315 498 6194
e 91 483 6702
e 37 366 406
e 213 397 3451
e 458 476 3513
e 76 183 8926
e 10 229 3328
e 259 488 3121
e 209 266 5652
e 278 373 4175
e 37 413 5824
e 31 199 5922
e 101 156 9919
e 189 274 7101
e 15 271 3157
e 252 290 9974
e 106 188 5372
e 26 294 2282
e 20 176 2278
e 137 390 2480
e 39 208 3935
e 144 166 6286
e 199 214 5104
e 120 478 5799
e 209 454 1496
e 51 296 9931
e 287 482 5447
e 89 183 4866
e 5 285 8475
e 147 236 1795
e 303 460 5100
e 100 247 1544
e 63 404 5525
e 80 302 8562
e 81 321 9247
e 12 249 3451
e 363 475 665
e 13 287 5967
e 53 214 1946
e 309 486 7947
e 319 497 5307
e 25 393 3125
e 61 443 6707
e 80 92 738
e 416 418 3723
e 157 179 9973
e 333 405 7852
e 42 403 3523
e 267 431 9010
e 357 478 6341
e 12 73 4870
e 181 497 2637
e 2 330 9759
e 148 429 5640
e 38 178 5656
e 97 447 7350
e 182 395 1994
e 329 432 3770
e 65 224 9415
e 233 408 7337
e 66 96 6884
e 67 406 6778
e 35 487 6134
e 191 362 7937
e 137 462 434
e 125 340 3132
e 267 418 7973
e 122 217 5245
e 119 131 8452
e 62 392 5956
e 125 293 7733
e 358 420 5693
e 122 441 8369
e 344 479 4974
e 122 180 9082
e 242 366 6310
e 62 262 3088
e 286 337 4439
e 128 180 7319
e 314 347 9162
e 118 200 4538
e 118 281 8125
e 45 288 9350
e 6 15 1199
e 179 489 3770
e 166 258 3156
e 329 427 6711
e 70 317 4302
e 240 353 8935
e 194 318 9241
e 46 95 6735
e 13 373 713
e 28 75 3374
e 82 324 8891
e 30 90 1496
e 188 290 5439
e 98 153 760
e 90 122 7522
e 449 461 5102
e 52 147 1396
e 88 350 6875
e 3 478 1789
e 199 270 2310
e 42 104 8661
e 74 373 4494
e 108 248 7078
e 161 313 7416
e 123 273 8194
e 92 372 4868
e 40 127 9434
e 53 198 6229
e 192 245 3104
e 436 451 2143
e 202 357 8703
e 113 484 4151
e 276 284 7117
e 424 470 6231
e 311 438 7166
e 257 492 4624
e 72 173 974
e 102 319 6836
e 220 500 8761
e 49 440 3907
e 124 386 9484
e 159 258 7472
e 104 484 8315
e 153 386 136
e 455 478 2791
e 256 399 2697
e 158 163 7696
e 160 380 4499
e 346 467 7304
e 345 436 7920
e 22 423 364
e 120 153 5111
e 63 122 4232
e 105 455 8880
e 240 453 4591
e 128 139 8173
e 18 458 3016
e 266 391 4413
e 63 231 6253
e 34 356 8005
e 155 249 1478
e 110 479 8008
e 126 312 3936
e 156 433 642
e 322 490 2166
e 202 419 1165
e 89 422 256
e 125 223 2987
e 353 420 1176
e 188 433 3367
e 291 375 1968
e 291 301 157
e 225 433 5183
e 485 495 8355
e 217 430 9593
e 276 471 5848
e 367 479 3608
e 156 167 6089
e 63 130 3759
e 289 358 8651
e 47 488 6669
e 20 304 8306
e 265 362 4260
e 1 122 9730
e 325 338 1518
e 142 198 6323
e 102 333 1180
e 159 273 1208
e 52 339 3615
e 102 457 2874
e 356 420 6835
e 213 342 7861
e 186 251 4210
e 167 309 9147
e 6 37 2777
e 325 495 5345
e 194 448 1879
e 53 222 887
e 17 191 7221
e 164 407 4613
e 141 463 4022
e 270 277 4427
e 30 147 3009
e 128 334 1797
e 268 308 6274
e 33 81 672
e 228 276 4076
e 71 77 3968
e 62 480 7560
e 84 436 2992
e 341 418 8729
e 257 309 6165
e 212 213 2472
e 369 480 5792
e 49 126 9708
e 84 134 5358
e 30 345 150
e 4 117 5704
e 138 350 9433
e 454 473 3499
e 257 438 4882
e 221 491 2099
e 118 288 667
e 31 238 6851
e 122 238 9849
e 73 195 2884
e 223 300 2453
e 181 430 3561
e 232 394 7989
e 139 376 8883
e 14 77 3327
e 388 407 7345
e 257 275 4983
e 320 495 5179
e 13 189 180
e 101 135 1265
e 75 372 4168
e 146 451 6463
e 237 310 3699
e 360 430 5043
e 315 367 7979
e 35 203 8706
e 480 483 9104
e 309 390 3246
e 315 392 1310
e 170 221 4276
e 385 469 4277
e 42 500 7014
e 101 272 4343
e 124 470 4917
e 248 362 2261
e 279 474 5638
e 121 468 6021
e 306 361 7620
e 457 490 3229
e 350 408 1021
e 426 451 4536
e 354 368 4007
e 317 459 3004
e 258 332 9326
e 88 132 1400
e 101 435 3401
e 115 147 3189
e 355 373 3295
e 327 388 4745
e 78 238 6394
e 57 352 5290
e 28 228 6576
e 380 462 5062
e 34 498 835
e 186 396 5716
e 5 415 3274
e 210 472 6531
e 6 384 4339
e 334 414 6719
e 74 358 5480
e 6 97 1574
e 88 293 5213
e 19 496 373
e 45 473 3805
e 372 488 3474
e 63 163 6950
e 420 427 9748
e 158 438 5818
e 77 406 9020
e 164 375 5383
e 291 309 1890
e 23 180 2083
e 19 74 2524
e 252 500 2554
e 180 265 8399
e 162 442 5348
e 160 182 2830
e 289 394 5778
e 85 153 1786
e 74 290 2376
e 272 288 669
e 74 172 3097
e 101 231 9825
e 35 406 2198
e 241 265 6255
e 185 376 8917
e 109 265 6505
e 73 211 8099
e 165 347 8898
e 53 216 3350
e 14 351 194
e 17 306 4251
e 22 442 5257
e 388 487 9461
e 58 414 5635
e 84 202 9947
e 287 433 1046
e 231 453 6320
e 342 345 4673
e 396 489 6802
e 219 250 7339
e 89 426 4234
e 456 496 436
e 97 145 4362
e 140 233 4465
e 82 172 9077
e 4 132 2163
e 135 173 9402
e 159 163 2746
e 201 330 533
e 86 241 9635
e 40 331 6251
e 112 488 4528
e 170 349 6109
e 300 384 4746
e 92 278 7036
e 110 481 4724
e 69 339 2939
e 35 456 393
e 17 155 2665
e 98 323 4537
e 224 351 5184
e 188 322 1389
e 52 263 9360
e 353 405 8714
e 37 115 6292
e 279 485 9834
e 33 152 6147
e 191 319 8704
e 309 458 5853
e 49 92 6802
e 83 376 3198
e 84 305 233
e 198 369 2659
e 7 93 239
e 399 439 6246
e 165 392 8300
e 318 449 1666
e 130 322 5946
e 160 173 729
e 128 276 705
e 166 206 8179
e 115 130 754
e 345 355 7634
e 183 340 224
e 12 253 5226
e 248 429 1444
e 361 432 2683
e 250 381 1520
e 337 440 9220
e 282 338 7038
e 154 361 1587
e 119 396 4108
e 363 404 106
e 332 432 2880
e 295 309 2688
e 225 311 7411
e 266 319 1547
e 124 136 1909
e 75 498 8770
e 95 321 152
e 285 454 8554
e 391 408 301
e 228 251 3342
e 413 454 3699
e 133 444 4537
e 205 206 459
e 342 359 7713
e 117 203 2756
e 3 425 1334
e 220 392 6711
e 178 386 9414
e 208 417 2623
e 303 458 4111
e 92 364 9531
e 405 494 5725
e 292 409 4442
e 71 213 8317
e 249 432 2229
e 211 429 5039
e 315 468 6311
e 228 397 3554
e 143 492 7838
e 204 326 8464
e 148 427 3344
e 85 163 7577
e 9 251 2616
e 67 108 4450
e 480 485 331
e 292 445 9128
e 209 429 5110
e 380 435 6474
e 71 246 8
e 18 199 4463
e 15 156 7377
e 35 421 5211
e 118 390 7645
e 120 390 5797
e 16 493 6082
e 162 476 8727
e 130 185 6351
e 309 369 6391
e 12 134 2479
e 79 336 4290
e 78 215 430
e 52 311 1500
e 44 299 7531
e 247 328 8438
e 90 321 666
e 321 459 6440
e 118 421 9895
e 6 229 8334
e 309 357 1119
e 88 417 218
e 251 402 8834
e 103 216 3674
e 295 371 967
e 131 273 9640
e 40 409 546
e 196 271 384
e 1 498 7740
e 90 411 5307
e 31 470 4156
e 391 470 1963
e 70 431 1287
e 29 491 842
e 194 358 5761
e 433 484 1038
e 26 273 6333
e 130 341 4893
e 172 424 7948
e 304 458 5706
e 56 76 6261
e 247 308 5814
e 204 491 9158
e 106 318 1631
e 361 412 7222
e 232 432 9293
e 79 266 2499
e 111 453 146
e 13 458 1574
e 341 447 5771
e 109 447 9318
e 194 392 9208
e 6 174 8685
e 99 298 2887
e 93 435 5652
e 288 446 829
e 40 120 1619
e 189 224 8354
e 16 358 6774
e 305 357 9761
e 172 378 4275
e 126 369 6460
e 15 55 8967
e 32 329 198
e 292 423 8885
e 265 317 923
e 79 370 4459
e 438 486 3935
e 122 338 9322
e 36 352 6343
e 112 402 9454
e 11 462 4095
e 270 403 156
e 84 384 4691
e 95 316 8212
e 345 466 3810
e 70 325 9768
e 171 377 7209
e 227 255 2259
e 178 440 2514
e 120 232 5327
e 21 167 2193
e 20 428 8832
e 217 274 6294
e 73 494 2079
e 236 346 1155
e 18 34 9653
e 381 460 3573
e 148 230 1268
e 109 232 4185
e 235 270 4401
e 239 396 4254
e 15 188 842
e 3 393 2687
e 168 232 3421
e 68 352 2265
e 323 362 5420
e 68 121 2908
e 225 434 6385
e 41 326 4373
e 400 477 5890
e 36 358 3609
e 302 309 8132
e 337 424 9577
e 125 433 4439
e 42 405 9441
e 13 156 7810
e 128 213 7019
e 131 375 6781
e 163 273 7918
e 98 140 6906
e 72 139 5510
e 42 50 6608
e 32 146 1834
e 142 148 5341
e 287 428 9254
e 16 280 8585
e 158 297 7998
e 31 324 4106
e 169 348 9880
e 71 409 926
e 244 480 1975
e 19 336 3944
e 92 415 2583
e 101 245 3348
e 208 279 3583
e 35 343 8627
e 251 285 7050
e 273 339 8587
e 407 483 1432
e 170 181 1314
e 52 499 975
e 170 477 4894
e 115 199 9488
e 113 413 9389
e 268 439 1792
e 34 240 2188
e 57 268 2575
e 107 287 6847
e 346 383 6499
e 80 237 4490
e 299 476 8771
e 305 500 4363
e 264 287 3778
e 108 302 9185
e 210 399 1648
e 251 295 2506
e 296 377 7676
e 102 365 3274
e 341 471 1569
e 103 333 7216
e 325 484 9521
e 41 80 7283
e 177 447 2184
e 184 186 2506
e 25 148 4904
e 166 454 535
e 38 329 6688
e 82 137 5718
e 176 307 9318
e 192 349 1686
e 256 412 3511
e 99 117 1088
e 41 383 6884
e 69 170 4254
e 224 446 908
e 274 487 3959
e 49 324 5026
e 33 93 148
e 86 382 5569
e 8 343 1538
e 40 188 509
e 117 407 7043
e 85 101 1410
e 73 227 7800
e 27 115 478
e 215 398 7761
e 310 441 9968
e 46 307 1293
e 183 443 9827
e 176 438 4016
e 380 403 29
e 25 309 6735
e 12 211 9114
e 171 432 416
e 139 481 8243
e 176 482 1603
e 84 308 9545
e 4 368 4660
e 93 344 531
e 239 344 9934
e 464 498 4630
e 47 254 5330
e 181 339 1917
e 99 244 6503
e 355 358 6943
e 212 464 692
e 332 393 2234
e 19 32 8725
e 15 269 6437
e 214 461 6967
e 62 430 3915
e 116 242 5588
e 209 488 2047
e 219 376 3769
e 366 449 2236
e 226 463 5574
e 131 210 8742
e 242 416 7127
e 20 343 4176
e 214 219 747
e 48 243 9002
e 249 458 6412
e 56 142 6713
e 259 478 621
e 50 291 6830
e 329 344 6416
e 290 372 7539
e 215 499 4813
e 4 256 7208
e 22 426 1483
e 5 246 9335
e 210 486 6238
e 180 189 6929
e 64 376 6210
e 87 495 7665
e 137 195 7933
e 14 227 6569
e 272 362 5848
e 173 268 869
e 116 462 1626
e 401 406 4019
e 197 448 2687
e 132 410 8036
e 140 308 9012
e 183 365 4986
e 103 219 5430
e 146 476 1931
e 60 270 2736
e 275 342 7650
e 25 222 3004
e 103 450 7853
e 378 389 1979
e 34 427 5243
e 181 272 2231
e 28 441 330
e 360 381 6610
e 310 349 925
e 149 452 1488
e 41 410 4876
e 19 474 1239
e 228 270 2899
e 140 156 4932
e 404 498 4661
e 205 422 2318
e 314 497 1932
e 62 404 3517
e 332 344 3989
e 112 201 3608
e 352 443 434
e 333 390 8542
e 201 356 7108
e 7 187 4898
e 129 212 4705
e 262 404 6693
e 458 466 5964
e 117 317 1460
e 179 472 5721
e 228 388 1008
e 283 326 2881
e 91 314 2058
e 183 480 793
e 4 163 7562
e 121 317 6432
e 72 402 9280
e 163 360 1336
e 217 238 274
e 214 491 7755
e 20 211 2055
e 3 170 5524
e 9 160 1395
e 11 323 30
e 163 335 9456
e 196 301 4371
e 249 391 3132
e 117 320 3859
e 17 230 3535
e 16 375 2842
e 297 304 1467
e 10 439 3848
e 193 485 458
e 414 488 9364
e 229 349 3944
e 240 291 4450
e 240 278 1928
e 19 137 1832
e 408 422 8078
e 144 342 3278
e 110 411 6494
e 112 299 6313
e 339 496 8167
e 43 353 1556
e 462 493 1514
e 154 204 9009
e 87 249 7068
e 344 497 5258
e 120 347 6178
e 215 306 5954
e 21 182 7954
e 193 471 2447
e 224 437 4827
e 68 496 4615
e 254 495 3684
e 5 456 2886
e 136 297 9492
e 70 412 3203
e 229 421 9440
e 380 382 6658
e 294 397 7716
e 361 440 1594
e 254 489 7345
e 345 403 7875
e 92 110 1174
e 139 317 7091
e 19 107 1567
e 62 146 7418
e 153 333 6987
e 215 484 5032
e 225 326 91
e 125 321 5055
e 140 188 9696
e 41 386 1880
e 299 480 3785
e 26 218 575
e 160 302 2128
e 179 199 8984
e 75 424 8766
e 259 364 7309
e 34 143 9987
e 48 166 963
e 61 392 9389
e 152 203 7577
e 113 418 6679
e 270 349 8340
e 219 285 134
e 367 487 6781
e 220 255 3244
e 32 245 5867
e 218 366 7566
e 69 121 3517
e 125 146 6390
e 2 259 5888
e 123 171 5387
e 26 177 1898
e 222 368 2354
e 78 355 8797
e 182 256 4694
e 136 294 697
e 13 53 6208
e 251 376 7985
e 64 227 1653
e 37 40 3929
e 66 404 3118
e 288 424 5833
e 122 159 7204
e 54 411 2774
e 346 367 2822
e 6 12 2863
e 185 191 5395
e 264 435 1568
e 49 188 9020
e 296 442 8339
e 40 88 4685
e 117 441 7041
e 49 320 1441
e 213 223 753
e 282 434 1971
e 276 440 1819
e 30 136 5937
e 286 371 7785
e 52 114 8122
e 276 409 4451
e 393 468 1274
e 86 262 5496
e 81 422 3513
e 398 488 3781
e 259 296 1440
e 153 456 750
e 361 411 7766
e 14 373 4583
e 133 402 463
e 143 158 9516
e 146 360 9820
e 21 109 7820
e 277 434 7047
e 413 449 7034
e 49 284 9441
e 56 493 6315
e 80 289 9055
e 81 169 7032
e 337 469 4414
e 148 388 9138
e 36 148 9204
e 129 147 7554
e 347 436 8162
e 115 247 809
e 410 483 9436
e 198 251 8731
e 169 305 5721
e 280 325 3794
e 50 453 4025
e 372 386 3642
e 143 358 2314
e 183 343 5789
e 313 357 3655
e 251 263 436
e 76 139 5102
e 339 388 7094
e 249 437 5902
e 85 326 3598
e 373 426 324
e 169 387 1071
e 48 287 2264
e 152 176 1248
e 291 364 2474
e 303 349 4620
e 62 470 3893
e 55 400 3152
e 285 468 6040
e 277 342 1064
e 134 286 1997
e 367 388 769
e 303 390 6665
e 171 400 4413
e 82 296 6411
e 14 349 4692
e 34 116 1128
e 299 409 8078
e 300 344 323
e 111 250 6880
e 257 323 66
e 190 348 9771
e 101 146 3338
e 6 310 7984
e 40 210 4246
e 170 352 8789
e 343 357 1066
e 36 267 1466
e 294 442 9576
e 49 423 6808
e 58 112 7545
e 285 387 840
e 222 429 4124
e 14 272 5473
e 214 335 8414
e 152 288 208
e 185 219 675
e 153 293 44
e 41 171 9770
e 96 193 3459
e 90 456 3120
e 406 407 8573
e 43 226 8339
e 35 127 3649
e 180 315 7857
e 12 309 4734
e 281 432 778
e 229 351 6800
e 139 213 9221
e 378 448 1628
e 123 351 7684
e 67 459 3580
e 73 152 4029
e 37 235 1554
e 123 183 927
e 258 307 9761
e 63 106 1437
e 241 380 2781
e 89 306 466
e 113 426 7512
e 302 451 6836
e 219 474 8310
e 220 238 3241
e 125 192 1425
e 413 453 4701
e 331 423 1219
e 55 147 9555
e 125 432 3379
e 138 317 800
e 194 304 6746
e 103 237 1639
e 32 389 3071
e 147 239 5054
e 106 473 9067
e 148 402 8240
e 287 497 4809
e 144 221 3647
e 238 487 3644
e 118 131 7313
e 270 467 3124
e 92 135 4254
e 244 366 9133
e 37 373 4377
e 77 161 3731
e 28 346 3829
e 121 483 6993
e 34 400 7526
e 267 312 452
e 354 462 8205
e 302 410 9479
e 64 400 5424
e 78 213 9894
e 21 412 9289
e 190 429 2459
e 343 494 7469
e 219 498 3413
e 123 477 4326
e 34 399 6100
e 237 487 3820
e 30 408 388
e 86 477 3143
e 447 465 6909
e 165 304 5947
e 155 231 4428
e 164 259 9006
e 189 241 2192
e 9 94 218
e 25 201 7264
e 63 97 638
e 163 469 3268
e 123 144 5221
e 34 202 7178
e 310 449 1883
e 206 464 2490
e 236 378 2178
e 17 116 6509
e 290 421 8512
e 337 347 3376
e 467 477 6391
e 74 415 5177
e 288 369 2580
e 332 418 7335
e 20 210 7805
e 118 345 9421
e 340 497 9441
e 138 394 592
e 162 243 6722
e 259 403 5146
e 136 207 4118
e 38 387 2631
e 373 473 4699
e 110 446 3774
e 81 377 1021
e 80 218 2083
e 412 484 1858
e 55 413 4220
e 33 342 4536
e 4 403 3997
e 297 490 3892
e 5 171 1805
e 133 406 3642
e 157 262 4759
e 189 246 7538
e 88 337 55
e 94 287 3022
e 282 346 9032
e 14 416 9166
e 63 221 2572
e 186 387 7017
e 294 305 5899
e 170 399 7240
e 65 313 6704
e 46 424 5316
e 168 464 8296
e 143 231 141
e 1 104 8710
e 249 372 1450
e 100 438 9769
e 233 393 6209
e 19 69 3562
e 391 401 5379
e 126 372 5625
e 288 427 1334
e 375 476 2466
e 121 291 9704
e 105 328 4604
e 192 396 4242
e 130 404 7885
e 343 436 6976
e 164 284 8437
e 430 431 1637
e 89 225 8710
e 391 440 11
e 46 260 7360
e 129 434 4243
e 36 141 2125
e 43 328 4421
e 58 115 230
e 85 325 503
e 37 98 7712
e 69 181 9178
e 140 406 7664
e 81 101 2144
e 335 482 9317
e 60 484 2432
e 174 395 8588
e 127 424 588
e 55 434 3679
e 267 498 4556
e 410 435 2513
e 164 311 385
e 108 480 5304
e 112 258 1579
e 35 254 4133
e 216 302 9800
e 123 398 352
e 29 125 7646
e 161 163 5666
e 199 428 6940
e 401 424 8330
e 364 492 9031
e 273 378 8858
e 364 432 7198
e 341 380 4480
e 94 408 5354
e 217 426 3537
e 79 465 21
e 312 474 9909
e 147 224 1419
e 382 461 5890
e 18 66 8249
e 45 467 1702
e 178 182 8452
e 255 332 6118
e 392 443 4442
e 4 98 6200
e 155 170 7364
e 156 413 8437
e 161 235 9245
e 327 375 7203
e 9 245 5974
e 344 402 3306
e 144 484 2022
e 47 58 6318
e 140 171 6167
e 13 327 4752
e 23 167 2336
e 124 461 6108
e 414 430 4889
e 88 341 9259
e 118 212 630
e 67 114 8502
e 437 467 3550
e 13 436 9467
e 330 428 3077
e 188 371 8367
e 266 326 3665
e 333 499 4639
e 60 345 4891
e 58 249 9189
e 61 400 7660
e 282 486 6134
e 250 296 8615
e 15 354 3959
e 230 424 2622
e 49 306 8118
e 423 425 3480
e 261 311 7562
e 206 326 8345
e 170 205 4491
e 148 324 5477
e 66 411 1621
e 209 236 1009
e 76 282 5640
e 396 413 7285
e 188 283 6525
e 136 463 8724
e 173 421 3474
e 142 482 1361
e 166 309 8920
e 12 120 4449
e 55 238 8597
e 198 280 5253
e 346 421 6592
e 1 247 9636
e 106 257 2697
e 179 210 535
e 66 300 455
e 90 188 7612
e 269 336 8544
e 232 485 5385
e 70 493 6618
e 192 386 3814
e 87 482 7250
e 9 276 8841
e 22 97 1272
e 370 456 7781
e 249 298 872
e 405 500 3674
e 357 495 7894
e 160 252 8210
e 94 146 1268
e 230 325 5292
e 55 235 1404
e 357 456 2302
e 309 449 2149
e 190 471 9267
e 62 142 5198
e 145 344 703
e 189 247 8587
e 205 413 6807
e 301 321 3220
e 111 332 3129
e 207 460 2800
e 193 432 3436
e 32 383 5521
e 38 78 6958
e 63 344 4945
e 275 399 1943
e 215 343 7972
e 82 378 6548
e 258 334 9571
e 220 324 3395
e 18 213 1381
e 85 284 6627
e 353 487 2647
e 335 459 456
e 269 397 567
e 70 384 6875
e 142 338 5502
e 100 245 5093
e 26 412 5679
e 66 375 9207
e 322 327 6601
e 243 424 7800
e 89 493 5213
e 163 280 3252
e 32 417 2612
e 63 167 2765
e 362 440 1666
e 11 215 3290
e 239 464 9773
e 176 498 4966
e 266 374 8367
e 94 440 8316
e 3 269 515
e 19 55 3248
e 109 158 8279
e 275 319 8334
e 76 122 6082
e 190 401 8581
e 199 413 9247
e 169 170 9703
e 173 411 5226
e 136 269 9665
e 179 424 8402
e 231 342 8903
e 98 469 43
e 94 121 3593
e 185 365 1708
e 265 387 1302
e 262 406 5726
e 18 280 8247
e 81 460 6547
e 123 342 6231
e 94 236 8331
e 28 342 1433
e 139 175 5724
e 47 117 7156
e 135 420 9556
e 29 456 7077
e 430 449 1018
e 44 352 5717
e 74 240 8649
e 237 450 5226
e 11 129 5564
e 116 317 4736
e 207 485 7572
e 114 204 6107
e 54 150 2722
e 367 401 4523
e 18 296 2570
e 70 330 6381
e 58 201 2056
e 59 154 7787
e 106 108 5504
e 209 272 9506
e 129 304 9647
e 444 492 6857
e 131 494 7607
e 258 407 4216
e 110 460 3387
e 266 351 2542
e 333 482 993
e 23 249 272
e 134 358 2730
e 108 265 1398
e 287 414 6165
e 228 367 2302
e 33 235 7342
e 118 423 7099
e 151 265 1292
e 335 498 8354
e 90 206 3508
e 305 396 5842
e 318 323 9996
e 38 379 369
e 91 397 6527
e 6 137 6357
e 278 431 6229
e 57 409 4901
e 40 354 7320
e 138 279 9924
e 42 455 3687
e 456 491 5039
e 126 403 9698
e 90 127 9680
e 151 334 3185
e 327 460 7815
e 53 319 5321
e 100 426 7398
e 268 395 7412
e 93 480 2774
e 402 472 5640
e 233 343 2436
e 375 470 4611
e 193 480 1440
e 32 400 9949
e 83 400 880
e 138 200 7856
e 203 309 6883
e 251 314 5738
e 225 327 6883
e 206 395 859
e 286 460 8848
e 63 259 7183
e 4 126 6867
e 167 341 1169
e 113 414 5877
e 133 176 5141
e 176 351 9845
e 72 345 2163
e 313 411 3220
e 315 409 2070
e 144 446 6100
e 271 496 3404
e 4 388 6724
e 28 157 4524
e 73 343 3458
e 8 328 2961
e 132 366 6577
e 326 366 244
e 240 305 775
e 308 393 435
e 397 458 726
e 50 185 4934
e 98 457 9920
e 253 271 5084
e 221 228 63
e 102 471 3914
e 31 38 3777
e 90 131 8727
e 283 483 2694
e 62 87 7012
e 82 248 6472
e 44 448 7140
e 412 494 7898
e 198 278 3909
e 253 497 8912
e 408 450 8208
e 112 162 254
e 211 394 3815
e 284 325 9360
e 161 195 5276
e 192 357 4155
e 190 238 2416
e 317 483 8973
e 269 426 4970
e 199 460 5729
e 279 346 9487
e 15 449 4522
e 51 273 9067
e 44 234 3220
e 232 401 3938
e 46 239 4938
e 9 78 2065
e 38 492 3482
e 54 166 6324
e 113 292 2660
e 10 458 2825
e 299 417 6444
e 258 285 6623
e 255 354 1757
e 41 450 1628
e 198 287 2088
e 169 461 2088
e 374 444 8196
e 71 326 5196
e 124 230 6538
e 33 374 3250
e 186 338 4905
e 57 148 5846
e 322 357 9850
e 362 374 3107
e 299 488 7081
e 111 337 5363
e 194 438 2537
e 2 72 3122
e 300 353 8136
e 95 440 2046
e 40 263 3374
e 288 486 9129
e 168 274 4898
e 270 372 3357
e 178 464 855
e 98 245 6190
e 209 481 1012
e 58 248 4638
e 193 334 1068
e 187 203 1064
e 425 494 4575
e 402 493 7442
e 144 264 3375
e 216 439 4774
e 155 224 7336
e 212 286 1231
e 12 17 7611
e 36 198 3940
e 92 195 1360
e 83 422 2797
e 125 184 6821
e 148 226 7002
e 113 325 8908
e 137 472 33
e 89 421 6949
e 188 210 820
e 22 438 4896
e 320 323 2708
e 142 216 1140
e 29 436 1090
e 232 262 4252
e 27 122 6086
e 76 154 5634
e 117 464 9865
e 373 490 7034
e 117 124 8054
e 65 412 1822
e 303 335 5859
e 184 496 4767
e 123 484 9653
e 221 223 933
e 165 201 6745
e 88 256 2158
e 315 356 9642
e 208 425 1849
e 42 319 4602
e 77 262 8418
e 413 432 4661
e 296 307 1121
e 280 450 3049
e 238 251 8414
e 49 285 1699
e 8 420 2418
e 47 326 1732
e 248 261 7060
e 242 260 3563
e 219 396 5915
e 149 408 3661
e 358 430 5682
e 66 355 3137
e 18 79 158
e 204 328 3269
e 204 291 281
e 276 406 5592
e 101 284 4374
e 116 427 7666
e 400 473 2374
e 160 203 881
e 266 341 693
e 390 484 7986
e 26 28 9352
e 16 74 933
e 442 458 8785
e 166 168 8896
e 243 295 423
e 95 317 9847
e 88 327 6152
e 127 451 3096
e 127 400 5098
e 179 234 6725
e 436 448 4917
e 7 416 8696
e 33 72 5310
e 76 204 7738
e 295 354 3903
e 8 29 4987
e 124 382 7286
e 43 497 6992
e 56 422 4807
e 439 454 5063
e 202 477 8999
e 43 82 9571
e 136 474 737
e 256 363 4411
e 97 421 4623
e 250 479 8380
e 130 259 8138
e 8 437 5992
e 360 406 914
e 183 221 6387
e 288 412 9264
e 172 355 9617
e 398 468 4881
e 218 368 5935
e 23 328 3319
e 242 356 6062
e 177 458 2783
e 73 477 2372
e 328 470 3465
e 234 392 8738
e 109 424 3634
e 179 229 9441
e 348 494 8013
e 266 373 2739
e 155 227 4993
e 81 293 4107
e 460 471 3923
e 233 419 3448
e 112 170 8414
e 68 295 6219
e 9 99 2336
e 213 449 2193
e 386 461 437
e 51 205 2821
e 15 329 6262
e 209 237 1571
e 25 345 1190
e 110 400 3557
e 337 417 7327
e 221 389 2499
e 39 121 5294
e 30 317 2034
e 208 219 2853
e 2 287 207
e 43 374 9284
e 163 472 8518
e 53 375 1421
e 420 430 9549
e 139 236 1554
e 19 404 2578
e 385 485 5025
e 47 122 6277
e 116 225 6547
e 179 290 8880
e 27 30 9003
e 260 342 8451
e 47 359 2976
e 150 213 2039
e 138 148 9179
e 424 495 5893
e 23 457 2510
e 364 405 736
e 87 171 1438
e 295 493 5159
e 5 386 3672
e 72 306 4309
e 68 71 8480
e 117 379 7814
e 33 144 555
e 90 295 5352
e 65 432 5417
e 138 168 7372
e 292 438 7782
e 157 380 4117
e 57 163 9207
e 274 462 6448
e 233 442 4511
e 180 325 3720
e 298 313 1636
e 309 484 3824
e 79 470 8631
e 171 381 6241
e 5 265 9347
e 275 389 674
e 38 61 4923
e 42 300 6920
e 38 430 8492
e 203 400 8342
e 300 493 5121
e 40 480 1970
e 322 469 2897
e 243 304 3738
e 134 329 496
e 438 499 8002
e 156 222 8437
e 378 465 8725
e 130 453 1361
e 181 191 514
e 102 238 147
e 13 190 9605
e 26 214 1759
e 413 451 8938
e 143 399 6412
e 7 98 1541
e 48 374 3469
e 91 234 4708
e 338 369 6748
e 296 379 4132
e 12 169 9046
e 134 340 3931
e 50 81 9269
e 207 277 8497
e 215 292 2689
e 209 466 7592
e 49 489 5830
e 74 145 7499
e 34 161 1960
e 159 387 3789
e 91 360 2824
e 135 479 4247
e 104 185 8459
e 91 246 1148
e 107 435 1301
e 184 300 9693
e 125 249 9268
e 45 68 9412
e 212 427 3422
e 153 164 9760
e 250 272 4126
e 266 447 7483
e 153 443 8884
e 135 318 8296
e 202 333 488
e 109 152 5927
e 32 200 9572
e 309 320 496
e 34 474 265
e 104 120 9028
e 251 454 1022
e 103 315 2550
e 252 255 6817
e 185 411 4936
e 145 392 3078
e 148 357 3047
e 79 270 6790
e 134 383 5691
e 403 412 2182
e 44 301 6270
e 268 347 6741
e 336 440 8567
e 241 436 6333
e 172 291 7087
e 50 413 4935
e 16 481 7425
e 43 150 4025
e 420 474 7692
e 194 391 8296
e 194 329 2094
e 364 434 8782
e 133 311 1357
e 50 380 4557
e 132 364 1104
e 60 331 3650
e 465 466 7184
e 313 389 4019
e 32 376 908
e 222 313 3506
e 159 373 878
e 372 474 8239
e 221 498 9204
e 83 296 1209
e 10 214 5915
e 60 210 2310
e 320 353 1588
e 19 139 2158
e 12 384 5852
e 7 216 4704
e 13 161 4721
e 152 355 3825
e 226 343 5099
e 239 402 6472
e 9 179 7945
e 17 404 9454
e 28 38 8576
e 267 338 1983
e 378 454 1850
e 2 326 9588
e 248 330 7974
e 142 309 7847
e 366 473 7074
e 9 321 9669
e 236 255 9367
e 300 375 2983
e 128 280 5847
e 5 29 7915
e 99 325 8353
e 250 471 9439
e 448 491 2033
e 160 417 1151
e 92 483 7131
e 10 421 3892
e 180 253 4813
e 269 461 1666
e 7 345 9042
e 176 314 8153
e 95 147 8633
e 132 326 5933
e 63 180 5175
e 425 429 6938
e 305 397 7099
e 56 243 8742
e 196 375 3145
e 94 247 6572
e 11 349 7731
e 57 222 8961
e 28 433 352
e 440 449 6562
e 367 465 4201
e 49 406 3099
e 340 477 4293
e 134 350 3200
e 260 277 7628
e 118 438 6850
e 373 394 1741
e 169 292 8243
e 408 419 3017
e 89 102 1181
e 360 386 612
e 377 487 4280
e 174 305 1140
e 69 294 8091
e 141 489 567
e 223 419 1052
e 99 404 7413
e 208 216 1156
e 47 67 2486
e 66 181 1155
e 315 448 4304
e 262 451 8274
e 88 299 5810
e 202 407 1124
e 177 290 1338
e 289 428 3403
e 72 298 5414
e 54 211 1882
e 68 269 3628
e 152 448 7175
e 97 142 1490
e 73 278 88
e 191 288 7010
e 245 367 1629
e 290 374 2603
e 148 451 6593
e 69 171 6598
e 300 356 8726
e 256 438 4297
e 162 454 2711
e 212 454 4300
e 40 329 8988
e 197 208 5760
e 180 308 2943
e 170 394 3138
e 174 241 3053
e 166 480 8118
e 318 342 9670
e 86 493 7180
e 129 153 2881
e 315 338 6885
e 81 132 7002
e 44 256 4171
e 436 460 3918
e 53 413 328
e 119 154 5081
e 10 21 704
e 174 177 4335
e 293 387 9718
e 410 487 4338
e 126 252 7794
e 171 212 6354
e 184 250 1649
e 305 360 4889
e 28 128 1118
e 292 413 3674
e 214 328 3790
e 121 335 9342
e 32 395 2233
e 215 223 8931
e 206 293 7474
e 50 152 17
e 96 454 5022
e 217 482 1397
e 248 371 5548
e 82 402 8569
e 26 487 8089
e 218 392 1535
e 26 85 6499
e 281 290 9542
e 84 173 8287
e 128 233 370
e 185 248 9338
e 128 479 9846
e 343 398 3641
e 194 440 1534
e 347 411 9016
e 110 208 5469
e 244 461 8810
e 368 460 2651
e 121 152 7211
e 149 368 5444
e 280 336 3699
e 144 308 7453
e 205 487 8527
e 291 424 9112
e 21 39 1956
e 183 412 7188
e 63 182 1087
e 451 453 1508
e 285 472 7336
e 38 228 6128
e 248 428 250
e 55 348 7176
e 254 395 2794
e 61 150 8706
e 72 316 5255
e 37 50 5946
e 213 483 5827
e 229 491 1927
e 64 272 6067
e 204 310 1649
e 9 474 4536
e 419 478 8782
e 32 481 2324
e 169 429 5609
e 86 413 1226
e 103 201 7175
e 96 216 9811
e 360 461 7507
e 152 211 4480
e 135 340 5987
e 80 279 6370
e 104 180 1439
e 25 250 6920
e 157 394 6869
e 12 30 7758
e 319 420 8448
e 141 160 502
e 240 420 7887
e 173 432 3877
e 470 477 310
e 178 218 3578
e 396 427 8315
e 105 347 3222
e 44 50 8185
e 86 386 119
e 476 498 6665
e 369 413 2748
e 334 379 692
e 117 248 7174
e 343 438 8349
e 109 133 2776
e 149 430 7547
e 25 446 4958
e 175 235 5842
e 146 462 6379
e 183 398 2849
e 155 200 1611
e 253 474 5046
e 300 320 2061
e 197 400 7104
e 227 326 1670
e 220 350 5908
e 453 463 9988
e 117 380 5965
e 29 73 7484
e 291 474 8046
e 20 482 1311
e 47 406 9021
e 274 303 8023
e 40 342 585
e 384 452 9315
e 144 278 4390
e 362 364 3242
e 308 443 6159
e 71 123 662
e 197 301 1998
e 55 426 7216
e 311 443 8306
e 407 440 4467
e 236 265 6695
e 321 355 4015
e 344 347 2328
e 91 378 8333
e 95 115 3346
e 135 370 565
e 270 388 2716
e 17 200 9535
e 165 363 7544
e 150 170 104
e 155 484 8288
e 159 321 6962
e 62 369 318
e 120 465 7902
e 370 495 7853
e 239 323 9026
e 159 459 67
e 72 198 6602
e 143 289 1829
e 142 199 1939
e 109 399 6613
e 68 225 9844
e 356 445 3261
e 83 186 2479
e 86 265 1509
e 461 491 4495
e 148 431 902
e 14 347 7386
e 122 272 5507
e 412 420 9518
e 444 495 9410
e 374 455 5061
e 67 435 509
e 334 445 7759
e 142 162 9342
e 328 465 1898
e 68 132 8925
e 224 417 3754
e 31 45 5052
e 172 337 9400
e 193 242 8014
e 148 275 3390
e 119 495 6838
e 423 434 9372
e 177 410 6175
e 45 319 63
e 35 111 3416
e 73 500 9376
e 44 47 6959
e 92 268 2397
e 4 478 2006
e 175 242 8916
e 414 444 5003
e 114 248 8059
e 61 418 2684
e 307 341 776
e 114 485 8081
e 356 421 405
e 349 460 371
e 71 301 1498
e 40 458 9103
e 281 317 217
e 41 469 9569
e 88 342 2658
e 224 483 80
e 172 328 8066
e 299 437 6962
e 240 461 428
e 233 473 3254
e 438 453 1532
e 182 398 7054
e 40 83 487
e 32 430 3517
e 340 455 8237
e 140 199 904
e 37 314 831
e 109 433 1997
e 290 316 2966
e 56 400 4224
e 158 261 5860
e 248 337 9580
e 30 168 2121
e 119 367 8569
e 300 416 5030
e 67 167 4223
e 46 105 2940
e 87 201 7961
e 166 441 9630
e 16 214 4758
e 168 363 5643
e 152 178 35
e 68 371 720
e 80 461 4633
e 137 212 6678
e 334 424 6816
e 277 308 3714
e 39 135 5922
e 143 364 7343
e 223 334 4425
e 238 311 6837
e 98 139 3966
e 127 181 8593
e 277 380 5232
e 7 334 2881
e 284 390 9151
e 48 168 1325
e 23 86 7659
e 61 451 8758
e 22 471 8577
e 205 326 5536
e 215 263 2753
e 70 130 6225
e 21 391 6864
e 102 395 8759
e 194 312 6046
e 31 165 2106
e 149 447 4383
e 131 158 4520
e 352 353 6146
e 26 125 5192
e 221 409 3683
e 343 396 2380
e 181 262 407
e 288 487 6850
e 84 237 9279
e 206 269 7000
e 94 354 814
e 467 470 9064
e 134 311 2761
e 153 394 5867
e 6 273 1253
e 300 410 954
e 181 328 1699
e 101 394 9090
e 348 381 3383
e 91 307 4165
e 39 422 9630
e 88 297 1427
e 65 382 4978
e 4 472 9743
e 120 424 174
e 277 352 9181
e 27 231 8544
e 172 436 1863
e 76 404 4904
e 257 320 4868
e 373 414 9323
e 255 396 5665
e 102 411 2685
e 100 207 327
e 367 414 2921
e 179 292 8969
e 185 447 5891
e 196 496 4751
e 429 437 3587
e 84 346 9038
e 109 242 6902
e 191 258 4498
e 285 485 653
e 185 329 2819
e 176 462 3765
e 178 224 9657
e 410 442 2842
e 12 221 142
e 283 293 1965
e 66 67 9401
e 53 421 4195
e 316 428 1938
e 223 343 5307
e 1 73 9027
e 347 360 1323
e 45 133 4436
e 8 213 5519
e 123 494 9542
e 20 103 5450
e 311 447 9974
e 152 234 7524
e 151 283 4929
e 2 17 454
e 286 468 3937
e 55 256 8053
e 283 346 1231
e 15 46 9354
e 366 433 6206
e 114 421 5791
e 95 367 5546
e 5 279 7177
e 80 315 7758
e 70 234 6589
e 132 355 7360
e 242 274 5937
e 166 350 7187
e 135 249 1037
e 278 424 7275
e 77 149 7492
e 106 353 4025
e 368 403 6079
e 178 395 6415
e 283 444 7797
e 155 455 8091
e 253 340 9198
e 365 400 8085
e 430 482 2740
e 278 410 1413
e 31 447 9092
e 199 353 3054
e 162 216 5143
e 53 242 343
e 227 387 1283
e 39 89 1097
e 55 60 4559
e 152 166 1800
e 66 429 8530
e 138 252 731
e 172 326 207
e 164 328 8045
e 16 401 7984
e 161 453 8195
e 223 271 8528
e 67 355 1176
e 18 59 1873
e 449 469 5238
e 99 482 999
e 307 352 641
e 81 131 5301
e 125 128 5903
e 334 378 4312
e 328 333 956
e 122 142 9257
e 72 466 6288
e 116 314 9248
e 305 480 1393
e 47 474 8122
e 10 336 3000
e 264 413 2246
e 70 355 9538
e 31 418 3154
e 90 457 3082
e 379 479 1579
e 132 311 7650
e 331 372 7136
e 88 145 3727
e 103 464 8069
e 101 329 7740
e 125 158 7912
e 62 161 7026
e 151 226 9280
e 123 216 7635
e 224 462 6637
e 241 472 8166
e 275 376 7879
e 97 453 3176
e 305 431 2053
e 124 429 677
e 142 158 1334
e 143 206 3465
e 121 224 1506
e 276 325 7016
e 386 464 2653
e 183 391 8692
e 192 193 6141
e 13 413 9607
e 398 455 8074
e 41 67 3322
e 317 477 7232
e 21 207 8830
e 12 181 788
e 57 375 8783
e 25 264 9969
e 188 341 9162
e 305 434 3852
e 152 459 931
e 297 494 7515
e 126 461 7708
e 25 441 2646
e 132 272 3673
e 217 308 9494
e 15 350 246
e 107 483 8590
e 20 386 4619
e 178 448 2421
e 339 348 7184
e 52 495 3362
e 217 491 1970
e 298 418 4802
e 330 413 5164
e 165 389 9982
e 232 325 1205
e 339 497 2431
e 7 57 6386
e 425 483 9937
e 5 135 488
e 233 321 4885
e 237 293 4952
e 76 118 2913
e 9 223 2580
e 246 286 8987
e 74 348 4936
e 183 444 8302
e 19 181 1896
e 12 262 2018
e 104 168 5593
e 213 375 1271
e 380 453 3937
e 65 289 4682
e 1 336 3303
e 181 356 2881
e 122 257 8907
e 81 160 2211
e 219 260 2043
e 401 456 8159
e 255 288 2744
e 43 352 1378
e 268 322 8608
e 206 459 8337
e 52 151 4162
e 254 470 1383
e 90 477 6983
e 203 423 447
e 472 487 3506
e 135 468 8203
e 50 264 5066
e 11 438 7548
e 14 282 2917
e 129 392 8032
e 416 488 4094
e 18 402 5249
e 13 157 417
e 22 43 2496
e 128 429 6915
e 87 373 5114
e 167 433 3635
e 347 437 9049
e 176 453 7658
e 305 345 4375
e 26 221 7864
e 32 480 9145
e 2 140 1487
e 139 381 6075
e 49 53 8442
e 396 476 7194
e 146 297 5105
e 378 486 8061
e 364 429 97
e 119 393 1824
e 144 415 9494
e 66 497 5760
e 320 478 2978
e 90 422 7943
e 303 342 7329
e 444 474 142
e 209 358 3555
e 87 290 6516
e 65 371 6372
e 18 415 7937
e 168 216 476
e 99 144 6704
e 211 400 7117
e 69 479 2390
e 236 408 2555
e 354 401 50
e 135 492 2894
e 101 236 7017
e 59 252 1449
e 323 478 3948
e 221 464 5994
e 144 347 191
e 263 471 2702
e 109 487 7311
e 370 399 3808
e 228 423 9378
e 5 12 2270
e 304 309 7414
e 22 64 79
e 44 423 739
e 168 374 2788
e 153 335 1631
e 377 438 3033
e 56 229 706
e 114 165 1146
e 86 280 5199
e 177 284 4916
e 178 280 2980
e 41 162 3225
e 128 499 5947
e 223 309 1311
e 377 407 860
e 314 439 3652
e 195 500 5337
e 136 336 8562
e 150 166 7962
e 31 60 1051
e 350 394 3968
e 226 248 2054
e 54 336 6634
e 27 321 6548
e 179 335 6367
e 31 57 4705
e 151 399 7696
e 102 109 8176
e 307 426 5180
e 371 432 7626
e 385 476 7180
e 402 426 2103
e 18 114 7999
e 230 243 4481
e 167 315 1185
e 55 244 1366
e 127 149 2827
e 103 270 7442
e 59 288 4670
e 371 428 9328
e 9 451 1103
e 88 223 6383
e 82 95 4959
e 138 142 6546
e 89 331 1894
e 111 495 1175
e 180 482 0
e 17 215 5599
e 122 301 5581
e 94 275 4327
e 64 380 1282
e 88 267 2421
e 23 309 5193
e 47 220 801
e 67 170 5042
e 89 120 1980
e 378 412 9906
e 16 23 1271
e 190 362 2900
e 69 235 3895
e 9 61 5324
e 70 250 2502
e 98 443 8418
e 220 456 7545
e 177 202 5903
e 72 212 1669
e 354 453 5520
e 76 408 3055
e 45 76 9827
e 85 410 9180
e 109 353 7688
e 103 336 4695
e 6 209 7946
e 324 481 5220
e 263 464 8991
e 56 82 2274
e 246 499 8752
e 4 499 9168
e 188 272 2665
e 221 398 4296
e 242 448 4613
e 53 497 6189
e 264 418 35
e 231 306 6644
e 100 179 1935
e 114 295 1005
e 276 403 8842
e 152 371 9406
e 183 243 5515
e 51 420 4625
e 159 454 2201
e 176 300 1223
e 186 340 225
e 378 477 4455
e 290 378 8573
e 1 457 7286
e 164 332 6773
e 171 241 8479
e 439 442 3486
e 177 328 9671
e 3 454 6428
e 355 446 7094
e 207 262 10
e 208 427 3998
e 74 384 56
e 290 384 2385
e 216 338 5128
e 88 185 5551
e 124 145 3611
e 73 104 6464
e 24 77 6998
e 3 234 9920
e 349 454 9494
e 41 66 926
e 109 284 9374
e 192 211 2248
e 242 310 1119
e 241 374 4152
e 42 99 300
e 109 236 8244
e 12 450 5175
e 24 491 8866
e 159 334 7090
e 264 482 5624
e 143 461 5443
e 11 82 8507
e 27 403 6724
e 275 487 3478
e 87 324 445
e 16 293 2259
e 217 301 4118
e 27 380 9017
e 438 467 2639
e 84 137 6093
e 406 427 3487
e 116 245 4502
e 3 70 2295
e 229 427 9908
e 334 449 8429
e 18 498 7244
e 145 266 51
e 215 431 5969
e 96 154 5351
e 2 73 7232
e 74 492 7157
e 122 369 160
e 43 105 6228
e 358 436 3730
e 276 475 6700
e 336 399 4098
e 324 483 2141
e 306 325 4026
e 90 193 3058
e 92 169 2165
e 203 280 3894
e 103 318 1176
e 184 403 4012
e 72 483 9462
e 47 56 2968
e 220 469 657
e 42 367 6648
e 105 127 7525
e 64 87 4331
e 108 209 9408
e 272 359 391
e 247 426 3448
e 319 464 2808
e 190 309 5067
e 7 490 4648
e 288 500 9352
e 38 248 5602
e 5 392 6307
e 71 354 9005
e 48 392 8253
e 265 271 6502
e 125 470 9348
e 245 439 7806
e 79 118 7913
e 65 179 5919
e 135 232 1637
e 271 283 1045
e 213 442 5561
e 129 419 9165
e 20 270 8730
e 484 495 5823
e 137 297 9107
e 298 372 3415
e 77 129 1066
e 100 199 1896
e 243 296 575
e 64 440 1898
e 284 332 7346
e 379 463 137
e 87 381 7615
e 299 384 950
e 88 168 2355
e 306 442 1297
e 253 427 6842
e 207 401 5183
e 362 458 6587
e 403 435 2648
e 123 336 4943
e 109 200 7495
e 138 356 7750
e 30 299 5172
e 185 340 785
e 155 352 4018
e 120 322 8635
e 22 87 3521
e 58 335 4659
e 136 144 4108
e 95 492 6551
e 162 384 6125
e 129 401 956
e 289 387 8611
e 15 114 6023
e 411 483 2512
e 235 422 9844
e 232 264 7177
e 208 311 8356
e 122 184 111
e 161 329 2903
e 84 398 7294
e 93 478 6127
e 205 430 3010
e 78 477 9365
e 255 464 5816
e 108 422 593
e 158 181 7838
e 72 288 9611
e 161 215 6653
e 114 289 7546
e 81 117 8994
e 213 321 3590
e 343 347 6148
e 33 405 3929
e 67 310 4720
e 90 241 2226
e 158 249 5108
e 189 352 6530
e 29 441 6415
e 130 405 7262
e 198 415 6632
e 112 250 4334
e 15 443 4850
e 207 426 2296
e 423 499 8939
e 380 446 6016
e 28 421 2543
e 17 242 9137
e 242 340 4138
e 6 66 8629
e 80 251 3148
e 417 440 3499
e 371 382 1324
e 74 146 1866
e 3 86 3925
e 22 497 9029
e 40 456 8179
e 295 407 9130
e 39 334 2516
e 49 475 968
e 84 344 5462
e 134 260 507
e 19 23 7012
e 297 350 1124
e 259 280 4980
e 143 477 3839
e 221 386 2865
e 46 313 867
e 34 262 1888
e 97 383 8860
e 369 489 6818
e 26 254 1852
e 245 357 4150
e 473 500 3096
e 46 265 5897
e 150 408 4719
e 222 425 6681
e 283 325 8083
e 241 404 9997
e 92 325 4340
e 142 429 8111
e 307 435 6622
e 102 247 6774
e 100 273 6667
e 165 330 9851
e 250 364 6751
e 321 386 1822
e 74 333 5044
e 172 484 5476
e 13 18 5278
e 82 346 3619
e 59 456 904
e 142 144 3992
e 68 500 8078
e 15 395 4431
e 245 485 5344
e 18 319 8632
e 72 362 9582
e 223 454 7003
e 236 399 1970
e 106 204 3277
e 150 491 9768
e 111 341 31
e 313 398 9787
e 327 485 2435
e 217 382 6398
e 233 392 8009
e 235 324 2286
e 37 209 97
e 161 499 2207
e 20 47 185
e 288 481 6499
e 90 158 1466
e 48 106 8609
e 108 220 6488
e 434 496 4258
e 171 443 5435
e 60 436 4816
e 136 417 8899
e 58 133 2888
e 308 310 4479
e 200 317 6653
e 332 387 6211
e 52 493 7132
e 83 480 1562
e 67 297 2895
e 70 451 232
e 105 173 9551
e 73 484 2765
