c random 500 vertices, 5000 edges, seed = 2
g 500 5000
e 1 2 1487
e 2 3 7544
e 3 4 1979
e 3 5 1515
e 1 6 3511
e 1 7 7521
e 7 8 2395
e 6 9 3663
e 2 10 4687
e 7 11 7860
e 10 12 7012
e 2 13 4311
e 13 14 3910
e 1 15 3834
e 10 16 883
e 8 17 806
e 13 18 2561
e 13 19 3820
e 15 20 3171
e 14 21 9480
e 1 22 4142
e 1 23 7167
e 3 24 6521
e 8 25 1682
e 21 26 8388
e 25 27 2732
e 11 28 4788
e 7 29 9503
e 12 30 9281
e 26 31 5647
e 3 32 7512
e 19 33 7709
e 4 34 1855
e 16 35 4509
e 27 36 8727
e 6 37 2486
e 1 38 6922
e 30 39 3305
e 31 40 873
e 39 41 9164
e 38 42 6990
e 16 43 7200
e 36 44 6240
e 15 45 2370
e 1 46 508
e 39 47 1386
e 42 48 4162
e 45 49 8201
e 11 50 5157
e 5 51 4566
e 17 52 7875
e 5 53 7362
e 14 54 2596
e 33 55 5681
e 16 56 9846
e 26 57 7501
e 47 58 609
e 23 59 5540
e 29 60 4455
e 11 61 1163
e 15 62 7589
e 7 63 4792
e 1 64 2707
e 28 65 6064
e 11 66 2821
e 30 67 4203
e 9 68 4427
e 6 69 9168
e 44 70 4790
e 39 71 8197
e 9 72 6593
e 24 73 9262
e 16 74 5770
e 2 75 603
e 51 76 7983
e 73 77 3107
e 67 78 7243
e 46 79 180
e 10 80 1311
e 12 81 5872
e 12 82 1016
e 39 83 2821
e 12 84 7252
e 4 85 6971
e 20 86 2674
e 40 87 3559
e 57 88 7497
e 59 89 8577
e 2 90 9163
e 59 91 8688
e 21 92 2401
e 1 93 4940
e 34 94 5835
e 32 95 619
e 24 96 5214
e 15 97 3967
e 56 98 2503
e 77 99 4085
e 4 100 2970
e 91 101 6341
e 43 102 6641
e 102 103 6835
e 101 104 5516
e 100 105 9393
e 38 106 5547
e 11 107 7336
e 83 108 1419
e 38 109 5451
e 35 110 1323
e 82 111 8903
e 88 112 1673
e 77 113 5487
e 55 114 3441
e 12 115 1897
e 15 116 6946
e 21 117 8618
e 4 118 6484
e 19 119 4803
e 44 120 1089
e 30 121 2808
e 117 122 2905
e 82 123 2356
e 79 124 4727
e 29 125 9335
e 121 126 3211
e 53 127 8900
e 59 128 790
e 20 129 6424
e 32 130 9164
e 23 131 3285
e 124 132 9779
e 96 133 5643
e 38 134 4623
e 45 135 4694
e 21 136 9045
e 35 137 85
e 3 138 6620
e 79 139 3734
e 31 140 6444
e 14 141 624
e 87 142 6596
e 131 143 3262
e 69 144 5955
e 120 145 1205
e 98 146 93
e 123 147 4287
e 35 148 7074
e 115 149 1901
e 79 150 5408
e 70 151 9207
e 81 152 3062
e 64 153 7872
e 32 154 2722
e 110 155 5663
e 129 156 6988
e 121 157 7818
e 54 158 406
e 63 159 504
e 118 160 54
e 140 161 649
e 88 162 1457
e 2 163 2073
e 19 164 4521
e 36 165 3992
e 160 166 9908
e 77 167 7708
e 145 168 3754
e 53 169 3371
e 121 170 63
e 80 171 3092
e 78 172 2526
e 70 173 8769
e 16 174 189
e 145 175 1847
e 38 176 9781
e 114 177 9010
e 65 178 9131
e 90 179 9610
e 48 180 6554
e 163 181 3406
e 150 182 4817
e 171 183 3051
e 21 184 9718
e 41 185 9551
e 174 186 300
e 123 187 9731
e 111 188 5218
e 131 189 4328
e 98 190 8985
e 91 191 5079
e 109 192 4442
e 52 193 8972
e 102 194 2516
e 58 195 908
e 154 196 637
e 15 197 7790
e 23 198 1609
e 170 199 5105
e 118 200 9713
e 146 201 3449
e 93 202 8288
e 125 203 1360
e 22 204 1016
e 134 205 7619
e 54 206 232
e 199 207 1683
e 132 208 9615
e 183 209 3217
e 160 210 8358
e 28 211 5394
e 119 212 1105
e 62 213 1970
e 137 214 3206
e 202 215 1265
e 61 216 5773
e 27 217 4604
e 176 218 5715
e 78 219 4474
e 87 220 9660
e 175 221 7743
e 116 222 9058
e 101 223 170
e 6 224 9099
e 223 225 3978
e 29 226 4643
e 85 227 5811
e 144 228 5424
e 165 229 1141
e 179 230 2267
e 63 231 2154
e 18 232 2066
e 50 233 1663
e 28 234 1458
e 191 235 7134
e 54 236 4444
e 152 237 6222
e 71 238 9958
e 134 239 2627
e 111 240 7408
e 127 241 9508
e 131 242 6635
e 220 243 3141
e 194 244 1835
e 9 245 4963
e 175 246 2641
e 97 247 9663
e 179 248 4666
e 66 249 8436
e 79 250 3229
e 209 251 1474
e 182 252 8183
e 14 253 7786
e 86 254 7457
e 186 255 1669
e 236 256 3321
e 127 257 9373
e 61 258 1064
e 149 259 1650
e 231 260 779
e 117 261 4342
e 165 262 6560
e 59 263 4563
e 7 264 6135
e 152 265 8623
e 165 266 7312
e 12 267 3081
e 24 268 9182
e 239 269 4562
e 92 270 8051
e 246 271 6758
e 221 272 6822
e 113 273 6515
e 146 274 4819
e 193 275 1036
e 129 276 8656
e 264 277 7720
e 277 278 2821
e 94 279 9637
e 171 280 836
e 258 281 859
e 250 282 5760
e 43 283 1086
e 60 284 11
e 80 285 2088
e 7 286 8057
e 153 287 3998
e 138 288 1941
e 202 289 6986
e 212 290 8550
e 187 291 7535
e 126 292 9872
e 200 293 5366
e 150 294 2762
e 43 295 9073
e 256 296 7560
e 263 297 1317
e 67 298 3648
e 211 299 9835
e 278 300 9968
e 146 301 8984
e 148 302 6158
e 269 303 2748
e 6 304 4537
e 240 305 8253
e 37 306 1529
e 27 307 866
e 250 308 588
e 226 309 1169
e 191 310 6094
e 309 311 2962
e 107 312 1638
e 63 313 8311
e 190 314 5867
e 285 315 7919
e 77 316 5579
e 166 317 5748
e 13 318 5864
e 9 319 1440
e 253 320 2779
e 197 321 316
e 150 322 1149
e 170 323 7017
e 30 324 7118
e 147 325 3529
e 311 326 5200
e 88 327 4827
e 246 328 5670
e 49 329 338
e 108 330 8474
e 101 331 8271
e 269 332 6880
e 20 333 4395
e 177 334 2669
e 18 335 1079
e 144 336 9894
e 10 337 5139
e 211 338 212
e 18 339 4448
e 278 340 8395
e 289 341 2923
e 85 342 2447
e 219 343 9166
e 49 344 3460
e 224 345 7332
e 18 346 1349
e 218 347 3877
e 201 348 8293
e 162 349 3442
e 176 350 6927
e 209 351 9658
e 210 352 7209
e 309 353 4736
e 7 354 6152
e 307 355 5953
e 204 356 3686
e 158 357 9161
e 119 358 6937
e 205 359 4434
e 183 360 1048
e 251 361 4005
e 94 362 2826
e 258 363 3830
e 87 364 2757
e 265 365 517
e 161 366 4138
e 15 367 1091
e 209 368 5481
e 273 369 8183
e 22 370 9340
e 92 371 7274
e 344 372 3847
e 161 373 6940
e 45 374 577
e 116 375 6459
e 353 376 4491
e 303 377 3056
e 45 378 1761
e 310 379 598
e 147 380 7612
e 130 381 9150
e 280 382 8024
e 266 383 9226
e 344 384 6657
e 181 385 2257
e 288 386 4789
e 78 387 698
e 342 388 2921
e 202 389 4053
e 11 390 3659
e 133 391 1252
e 209 392 8688
e 60 393 8741
e 174 394 9015
e 119 395 2214
e 89 396 8626
e 289 397 9789
e 387 398 1323
e 78 399 6334
e 226 400 5308
e 2 401 3824
e 30 402 1829
e 199 403 6706
e 256 404 9038
e 202 405 5081
e 170 406 4422
e 264 407 9062
e 82 408 2045
e 118 409 5682
e 65 410 7426
e 284 411 2878
e 63 412 3471
e 284 413 6132
e 302 414 5216
e 179 415 4062
e 367 416 5890
e 32 417 3916
e 346 418 1857
e 196 419 6066
e 294 420 5856
e 204 421 3548
e 308 422 187
e 312 423 273
e 9 424 482
e 121 425 5969
e 262 426 889
e 142 427 754
e 144 428 4709
e 175 429 3652
e 90 430 7973
e 104 431 9494
e 351 432 141
e 138 433 4931
e 399 434 7403
e 5 435 2188
e 376 436 2216
e 147 437 5163
e 282 438 6528
e 79 439 4540
e 356 440 4193
e 110 441 965
e 373 442 524
e 237 443 7880
e 349 444 8760
e 81 445 406
e 293 446 5896
e 226 447 4519
e 91 448 7713
e 380 449 1841
e 233 450 1906
e 343 451 8871
e 38 452 3862
e 113 453 8618
e 417 454 3270
e 344 455 6711
e 380 456 7127
e 116 457 8331
e 148 458 7659
e 416 459 6363
e 78 460 7098
e 89 461 186
e 73 462 1924
e 447 463 7705
e 297 464 2090
e 188 465 5124
e 364 466 5824
e 68 467 7364
e 43 468 1274
e 350 469 877
e 235 470 5258
e 344 471 3132
e 267 472 5663
e 401 473 8392
e 236 474 8641
e 148 475 604
e 324 476 7722
e 360 477 2720
e 194 478 584
e 108 479 4320
e 35 480 1682
e 458 481 8711
e 266 482 5746
e 314 483 3932
e 441 484 1618
e 202 485 712
e 218 486 1251
e 203 487 3390
e 327 488 4010
e 426 489 8462
e 28 490 151
e 183 491 5637
e 54 492 3808
e 172 493 9994
e 243 494 3547
e 138 495 3378
e 286 496 5331
e 126 497 9404
e 459 498 7779
e 48 499 247
e 474 500 2895
e 351 494 4631
e 115 353 2366
e 92 237 3943
e 29 474 6838
e 389 484 7883
e 12 221 2793
e 132 163 4709
e 112 258 2717
e 65 418 5554
e 286 481 138
e 409 439 4939
e 327 387 492
e 355 499 4140
e 33 307 8960
e 2 354 2800
e 6 478 1419
e 421 477 8715
e 221 260 673
e 343 432 6485
e 68 255 8210
e 140 466 7964
e 269 323 5450
e 315 388 337
e 203 291 5287
e 398 481 8771
e 73 219 2318
e 355 460 3992
e 57 369 6604
e 68 305 4798
e 60 420 6008
e 121 343 1778
e 264 498 9645
e 183 270 1164
e 107 485 6616
e 22 324 2234
e 304 362 6297
e 30 134 357
e 235 389 8716
e 78 353 8317
e 160 231 7546
e 135 230 697
e 24 212 4077
e 80 481 848
e 205 425 3120
e 54 367 6376
e 65 333 1079
e 121 338 1672
e 149 354 4278
e 304 402 419
e 222 267 731
e 36 430 8641
e 33 108 4830
e 201 422 4414
e 88 102 4803
e 409 498 6859
e 178 270 2756
e 43 168 336
e 299 321 2154
e 159 231 1881
e 179 309 6133
e 395 487 8517
e 309 350 420
e 204 475 6460
e 69 105 4875
e 8 400 9153
e 35 161 2923
e 43 401 5016
e 185 271 9283
e 243 325 3511
e 5 179 8595
e 45 254 9714
e 316 328 7008
e 54 494 9913
e 427 487 8689
e 140 182 9636
e 70 167 199
e 18 27 2239
e 118 474 9161
e 143 250 2455
e 175 176 1778
e 466 483 313
e 283 408 6679
e 206 260 1849
e 225 500 6760
e 16 343 6478
e 161 339 7273
e 78 453 2242
e 306 307 3990
e 199 282 6198
e 24 204 2794
e 5 12 5575
e 178 492 5799
e 211 454 9852
e 176 478 1228
e 202 415 9158
e 222 432 3150
e 95 303 2069
e 262 347 4118
e 140 473 6298
e 185 483 2327
e 310 406 1424
e 164 382 972
e 423 441 4682
e 198 345 8062
e 193 244 2825
e 348 449 4490
e 227 260 6043
e 112 481 4751
e 243 260 9779
e 22 166 1417
e 96 386 9640
e 317 376 8803
e 143 393 4543
e 113 477 7371
e 11 160 373
e 224 233 3017
e 179 257 8157
e 431 446 5903
e 15 244 1023
e 28 139 1933
e 323 481 9434
e 14 191 5460
e 353 455 3384
e 294 440 9179
e 314 436 2443
e 385 399 2203
e 27 250 7831
e 174 368 7013
e 178 271 6461
e 214 377 4001
e 67 490 5265
e 84 95 8753
e 153 325 6141
e 114 493 2067
e 286 499 389
e 272 329 6512
e 407 411 794
e 217 337 6850
e 179 319 5936
e 271 374 5039
e 358 386 4812
e 52 119 8312
e 242 423 396
e 55 263 1767
e 50 293 560
e 83 402 4298
e 17 143 4732
e 171 438 2469
e 218 448 8863
e 94 190 6677
e 17 81 2266
e 369 481 2451
e 71 492 6441
e 329 456 4399
e 150 408 6669
e 71 330 4281
e 222 245 1232
e 290 352 3606
e 51 148 8547
e 51 408 9342
e 24 435 8048
e 28 400 8635
e 21 213 1320
e 270 488 3253
e 400 449 3414
e 264 270 4379
e 38 278 5816
e 369 416 4263
e 166 396 5959
e 333 437 171
e 224 307 5118
e 226 311 5227
e 117 396 1753
e 261 269 9240
e 17 319 8269
e 133 314 4988
e 287 449 2848
e 366 408 2609
e 20 160 4622
e 154 270 3276
e 179 228 9669
e 41 109 8574
e 256 331 1743
e 93 270 3291
e 9 317 1185
e 100 259 2919
e 250 386 6136
e 82 454 4212
e 290 357 4924
e 92 320 2346
e 302 494 9372
e 246 378 6549
e 272 480 8396
e 147 275 3805
e 107 388 9718
e 123 392 3446
e 86 165 6043
e 81 414 928
e 328 336 6948
e 140 157 6091
e 162 383 1192
e 72 483 7730
e 216 324 3170
e 97 106 6803
e 112 230 7470
e 164 213 9320
e 300 460 747
e 175 282 9649
e 106 477 7461
e 63 500 9673
e 37 466 3042
e 279 347 9427
e 153 461 8227
e 31 143 2207
e 100 225 48
e 35 486 8173
e 169 257 5529
e 100 236 523
e 171 440 2477
e 410 454 8048
e 334 429 4425
e 192 485 5071
e 174 392 8313
e 143 311 8633
e 225 352 1062
e 130 374 1769
e 174 445 3625
e 452 490 5659
e 313 365 4811
e 56 258 4151
e 91 248 9497
e 140 408 17
e 141 227 2799
e 21 376 398
e 217 362 7874
e 174 432 3477
e 378 497 3584
e 49 251 8237
e 374 487 8317
e 153 346 5994
e 56 284 9801
e 277 460 6425
e 55 60 5920
e 120 488 9957
e 13 254 3945
e 322 391 8680
e 60 288 769
e 114 162 833
e 248 459 8555
e 206 327 9723
e 211 246 7204
e 371 466 9512
e 375 477 3060
e 228 283 1568
e 33 47 4290
e 109 138 8731
e 282 394 4975
e 4 216 9100
e 26 96 2676
e 270 321 7060
e 198 393 6721
e 107 302 2314
e 139 420 6015
e 219 388 2166
e 196 491 118
e 127 316 449
e 381 383 3637
e 98 491 8852
e 132 280 9003
e 294 478 9400
e 323 415 3442
e 26 171 8562
e 85 264 1808
e 90 165 948
e 201 322 1973
e 371 491 9840
e 374 454 1868
e 323 470 8197
e 142 179 6721
e 31 359 3847
e 345 431 7648
e 21 90 2564
e 32 496 1487
e 346 358 8546
e 2 138 4560
e 357 425 9079
e 130 477 5952
e 156 454 7658
e 100 322 7252
e 48 68 472
e 6 393 3328
e 86 240 6659
e 106 228 419
e 425 474 2377
e 28 182 124
e 425 459 7065
e 178 436 9459
e 237 492 5715
e 412 414 8204
e 96 238 7125
e 31 487 4775
e 27 144 5627
e 60 221 9728
e 183 423 7553
e 274 478 8799
e 61 466 3459
e 293 428 2512
e 55 98 178
e 289 477 7058
e 17 174 7351
e 342 376 847
e 82 459 4080
e 275 461 2287
e 197 338 7021
e 221 326 7267
e 175 392 9987
e 396 399 252
e 453 466 614
e 119 290 6463
e 160 225 3570
e 37 186 133
e 135 166 2124
e 128 400 6169
e 300 367 5014
e 338 343 5934
e 7 494 7695
e 200 203 100
e 231 286 5602
e 150 341 5422
e 224 312 6919
e 7 340 8005
e 215 217 3238
e 102 180 5283
e 210 211 5308
e 118 245 3371
e 239 277 3324
e 169 284 7026
e 64 287 8303
e 184 415 4758
e 164 285 165
e 26 205 8348
e 3 183 3433
e 1 286 1549
e 178 294 1710
e 3 212 2310
e 238 483 7766
e 242 296 3842
e 378 380 141
e 109 215 2332
e 255 458 9515
e 316 442 4937
e 210 336 4169
e 348 443 2100
e 164 360 8263
e 204 484 9231
e 72 210 9569
e 275 294 1617
e 255 404 5549
e 194 271 8450
e 263 385 148
e 316 339 3806
e 63 387 5593
e 210 326 3494
e 216 235 8082
e 347 392 2382
e 416 421 3182
e 201 412 1177
e 175 367 2966
e 182 414 13
e 22 162 9206
e 93 121 825
e 233 294 2906
e 74 425 4149
e 85 184 4387
e 101 464 72
e 95 174 5226
e 249 289 9078
e 132 318 2182
e 153 378 4289
e 114 409 726
e 12 166 2119
e 79 425 8614
e 128 204 7952
e 302 325 3581
e 140 268 693
e 6 363 4468
e 259 321 4990
e 106 432 2409
e 59 317 5470
e 8 338 9244
e 17 188 5678
e 7 397 4255
e 82 157 2319
e 85 211 5730
e 175 215 9470
e 18 487 7603
e 157 348 1246
e 204 235 1789
e 80 384 6739
e 135 451 9161
e 87 155 986
e 88 397 8651
e 407 449 3609
e 35 131 5111
e 100 465 3991
e 23 257 970
e 331 468 6864
e 307 467 2871
e 85 333 7559
e 64 461 7696
e 19 240 1750
e 88 181 6622
e 110 409 8237
e 127 134 2104
e 53 220 3459
e 19 441 7022
e 330 351 8764
e 21 253 3090
e 62 137 2234
e 83 283 79
e 41 72 6456
e 250 321 3712
e 55 298 1965
e 62 68 6749
e 39 342 6035
e 34 275 96
e 393 493 3945
e 73 275 6153
e 312 335 6725
e 329 340 8175
e 85 475 2455
e 201 234 224
e 111 124 3633
e 136 355 6012
e 42 419 5237
e 2 38 58
e 172 194 2827
e 321 420 8247
e 317 397 582
e 73 334 7221
e 124 183 4504
e 9 116 6485
e 63 126 4342
e 195 328 8713
e 23 399 2084
e 258 374 4795
e 371 459 8325
e 185 407 1129
e 295 326 6969
e 283 381 7582
e 259 340 7685
e 190 253 2933
e 65 426 2073
e 243 436 4503
e 78 468 2571
e 189 362 660
e 385 404 4614
e 154 224 8856
e 232 439 7824
e 69 494 224
e 46 435 7268
e 192 434 7734
e 12 367 2843
e 6 361 6034
e 48 468 7493
e 44 101 7542
e 56 476 1150
e 10 136 2296
e 268 358 7009
e 220 454 7519
e 96 347 2490
e 331 409 3453
e 50 78 1829
e 54 67 3765
e 169 451 60
e 378 392 526
e 388 473 8467
e 167 410 3586
e 13 423 7074
e 89 168 2108
e 71 236 2570
e 54 375 2227
e 120 392 1450
e 278 435 9638
e 245 351 6746
e 387 432 4179
e 174 464 8677
e 97 485 9305
e 309 416 5970
e 262 269 9420
e 255 342 6794
e 192 396 530
e 118 418 7670
e 115 458 771
e 48 417 8901
e 161 261 9771
e 258 383 5235
e 16 281 1920
e 168 186 9500
e 397 466 262
e 267 386 5730
e 367 434 7378
e 21 319 210
e 455 478 5787
e 314 393 293
e 393 437 2359
e 230 417 4562
e 3 239 8283
e 62 269 6322
e 52 175 7610
e 68 447 8517
e 122 366 7483
e 233 352 8488
e 21 424 5434
e 469 488 8910
e 337 488 926
e 254 375 3196
e 5 346 8991
e 106 132 8003
e 133 408 2558
e 352 373 8241
e 162 465 367
e 26 456 870
e 14 158 945
e 222 451 8584
e 14 499 121
e 300 385 1099
e 302 400 734
e 405 495 3020
e 113 416 3363
e 21 51 4564
e 293 304 7737
e 57 229 505
e 47 426 9961
e 63 81 2131
e 86 382 1020
e 22 303 1785
e 126 380 7954
e 478 480 9440
e 134 490 1837
e 212 408 8734
e 329 443 9342
e 147 358 6227
e 73 280 7934
e 400 496 8805
e 27 464 626
e 148 410 1174
e 48 151 3029
e 152 335 5326
e 134 153 1566
e 23 49 2925
e 17 491 8419
e 122 471 6121
e 197 428 105
e 135 414 1850
e 132 188 5324
e 72 188 3705
e 303 363 39
e 250 300 9518
e 54 99 5224
e 114 492 9057
e 113 123 7168
e 29 422 795
e 233 355 2649
e 2 5 2454
e 89 190 5377
e 412 428 288
e 32 143 1292
e 300 447 2552
e 44 127 6165
e 53 149 21
e 138 378 5298
e 189 350 7743
e 90 169 965
e 376 433 7528
e 294 318 1647
e 326 406 1272
e 110 200 7805
e 223 321 9564
e 223 498 7238
e 216 257 4898
e 82 205 7731
e 289 490 2304
e 49 230 1714
e 150 331 3076
e 193 354 8544
e 152 491 6835
e 320 499 7512
e 90 132 5291
e 69 272 8576
e 272 285 732
e 340 431 3228
e 359 428 7028
e 21 182 2282
e 76 103 6116
e 129 431 8567
e 369 423 403
e 130 322 281
e 168 496 8205
e 52 338 5204
e 119 328 1068
e 100 482 5607
e 170 322 7666
e 21 449 7169
e 51 92 137
e 239 455 9159
e 140 420 2304
e 134 287 4780
e 144 449 3703
e 162 467 6764
e 126 357 5314
e 2 297 8658
e 14 170 435
e 30 165 9171
e 12 212 358
e 148 404 6499
e 11 284 242
e 309 390 8731
e 225 274 1159
e 175 439 8524
e 25 244 5234
e 189 343 1944
e 220 309 6045
e 251 358 192
e 2 147 8465
e 348 351 3110
e 260 360 4232
e 128 274 1286
e 13 247 7433
e 263 299 656
e 88 401 270
e 8 75 8247
e 162 190 5107
e 445 486 1958
e 236 343 9837
e 365 474 3188
e 79 279 1486
e 82 149 6056
e 284 482 2444
e 11 408 9319
e 77 371 4322
e 410 471 5037
e 41 170 3718
e 23 210 1631
e 64 332 2374
e 251 458 8563
e 308 460 2386
e 419 444 483
e 125 418 2576
e 26 157 5045
e 401 425 6838
e 87 388 5052
e 126 466 6660
e 95 474 5298
e 95 451 9480
e 334 404 3275
e 255 274 7037
e 26 373 1235
e 33 301 2624
e 27 348 6586
e 12 270 7530
e 389 471 4231
e 169 352 112
e 66 362 3820
e 94 383 9693
e 240 423 187
e 149 402 2837
e 320 363 1992
e 404 488 4204
e 211 372 7876
e 224 271 3949
e 135 348 3988
e 102 257 2747
e 2 112 4386
e 34 104 9673
e 48 296 6314
e 179 289 1627
e 292 330 9146
e 162 238 7977
e 41 215 757
e 253 372 7659
e 169 377 6387
e 97 293 3590
e 3 455 4194
e 61 168 5235
e 215 274 9248
e 75 156 3366
e 53 478 587
e 268 311 2087
e 90 203 9785
e 133 246 7125
e 69 266 8536
e 205 452 3092
e 34 394 1958
e 334 336 3719
e 197 487 4679
e 215 249 5869
e 89 196 6422
e 240 241 4590
e 186 422 3076
e 6 58 9069
e 70 449 8935
e 121 372 8536
e 408 470 3251
e 57 185 9671
e 68 193 193
e 79 445 4957
e 404 422 6592
e 8 309 7861
e 156 500 2834
e 199 465 6718
e 2 468 6250
e 81 315 2013
e 10 33 3447
e 115 492 523
e 75 433 9071
e 20 198 6369
e 182 299 5146
e 78 356 5248
e 112 337 3094
e 263 272 6710
e 205 309 3479
e 137 199 6435
e 243 415 324
e 188 370 4634
e 204 391 4360
e 245 282 4085
e 63 362 7832
e 209 374 9455
e 30 183 6444
e 131 249 3438
e 203 269 6680
e 217 411 7389
e 59 117 414
e 335 389 5312
e 366 393 4395
e 8 463 9034
e 350 456 4456
e 202 204 5261
e 300 311 1143
e 137 367 8910
e 106 153 7970
e 2 114 5934
e 57 244 2329
e 15 481 9110
e 34 230 6461
e 57 137 7178
e 274 314 8736
e 236 385 5364
e 185 409 6197
e 384 401 9665
e 161 430 1551
e 235 392 8973
e 298 495 1613
e 122 273 515
e 303 470 7422
e 89 462 2841
e 122 330 3926
e 50 461 7177
e 231 345 7106
e 162 386 9327
e 78 449 6667
e 18 251 6365
e 242 435 3130
e 50 230 3861
e 132 456 6811
e 343 381 7713
e 130 227 6493
e 348 358 4647
e 144 286 1046
e 89 263 8641
e 415 437 3402
e 166 253 8794
e 31 392 3187
e 21 32 5264
e 100 277 2728
e 247 486 1161
e 101 390 4959
e 280 314 262
e 224 392 5559
e 155 363 6109
e 72 261 8055
e 209 416 5407
e 216 347 7438
e 211 272 3886
e 389 435 9180
e 304 358 1561
e 77 121 2500
e 188 413 8996
e 48 80 4398
e 240 274 6662
e 320 350 13
e 72 434 3535
e 418 458 2140
e 411 421 4663
e 201 362 1362
e 188 468 1324
e 12 274 5123
e 161 436 6105
e 98 189 6706
e 367 389 1827
e 265 294 9287
e 81 481 537
e 76 220 1277
e 402 478 1250
e 311 390 2338
e 98 495 6084
e 116 421 3150
e 11 280 5659
e 260 421 6944
e 243 397 25
e 28 88 8144
e 52 397 750
e 33 291 1787
e 216 359 7913
e 247 462 5865
e 154 464 1887
e 165 329 6643
e 399 487 4106
e 372 402 6041
e 14 469 2235
e 38 302 2360
e 175 386 1223
e 2 466 1616
e 144 219 4462
e 82 285 6363
e 91 178 5301
e 71 122 4838
e 71 481 3664
e 103 313 2414
e 2 497 9074
e 76 385 5320
e 26 479 7951
e 18 31 4517
e 35 457 4138
e 467 491 1164
e 58 109 585
e 21 53 6675
e 44 379 2899
e 93 443 7579
e 123 461 9768
e 303 401 9794
e 328 494 6348
e 183 263 2285
e 162 437 6922
e 356 407 6091
e 5 420 6284
e 92 329 9669
e 48 386 4637
e 171 348 1221
e 273 298 8284
e 280 439 3615
e 41 417 717
e 102 482 9286
e 86 304 4701
e 468 481 1037
e 211 308 4846
e 23 138 5121
e 360 447 1908
e 27 215 6771
e 133 171 8210
e 39 274 8385
e 87 233 4221
e 68 189 7054
e 366 407 8271
e 56 101 5034
e 225 404 1586
e 322 417 9546
e 118 330 4195
e 251 281 8346
e 214 401 9998
e 94 221 2669
e 157 165 9177
e 244 342 7124
e 70 263 9792
e 352 453 7149
e 107 307 583
e 222 490 9143
e 100 152 4495
e 231 265 4343
e 350 412 176
e 215 304 5813
e 211 466 6604
e 363 457 5959
e 148 383 8254
e 119 182 8873
e 84 259 6656
e 103 237 4682
e 104 302 7297
e 198 497 1650
e 85 397 2273
e 48 58 4170
e 15 351 4899
e 81 241 673
e 91 285 5021
e 139 330 3042
e 75 181 7275
e 109 382 1971
e 179 401 2754
e 281 462 9597
e 267 307 4506
e 173 442 5322
e 7 81 1702
e 45 276 9446
e 236 403 67
e 85 245 5256
e 66 139 4257
e 141 378 5931
e 10 259 2119
e 130 416 2438
e 82 431 1540
e 317 382 4529
e 38 338 1771
e 6 329 8606
e 176 191 7073
e 66 112 7066
e 111 479 4384
e 84 393 8630
e 321 458 9391
e 338 371 3683
e 224 361 9953
e 209 361 4689
e 262 294 9757
e 260 284 3476
e 75 152 2235
e 216 284 7763
e 156 280 1518
e 292 500 2126
e 150 384 4107
e 83 192 116
e 196 356 1411
e 177 374 4583
e 354 492 2018
e 22 423 5687
e 204 255 9499
e 31 137 2444
e 135 297 9329
e 139 259 7354
e 397 458 6560
e 235 342 2146
e 196 384 8291
e 244 271 6796
e 188 486 4017
e 184 374 2076
e 146 306 8692
e 156 347 6196
e 279 406 3922
e 39 221 1908
e 361 375 6961
e 99 136 3654
e 151 308 5022
e 198 250 5702
e 7 319 9332
e 21 59 2819
e 174 286 6463
e 208 440 4312
e 198 397 931
e 125 311 5151
e 28 386 7488
e 394 449 4123
e 85 413 2298
e 47 472 7782
e 308 354 721
e 18 223 8692
e 141 449 3981
e 184 310 7165
e 133 249 8223
e 201 300 488
e 248 273 5512
e 81 254 7629
e 228 234 1109
e 225 424 2266
e 30 315 3158
e 153 385 6381
e 274 353 7740
e 157 168 7014
e 227 436 5463
e 37 418 4733
e 71 174 5465
e 81 452 2661
e 130 350 4813
e 63 278 2640
e 254 364 2044
e 171 227 6011
e 116 310 8133
e 99 491 2324
e 118 338 5502
e 268 317 1211
e 400 472 5461
e 294 354 7251
e 36 275 3599
e 141 293 5932
e 324 427 3966
e 235 283 2321
e 178 240 8658
e 144 297 5041
e 203 482 6381
e 86 487 2680
e 234 237 1843
e 112 141 2160
e 138 422 6424
e 20 361 9083
e 235 268 8073
e 70 422 8663
e 361 397 4685
e 80 390 8963
e 185 428 9148
e 284 381 2185
e 57 275 1092
e 41 236 9243
e 238 269 3729
e 103 249 2425
e 273 372 7568
e 236 357 7855
e 331 471 7277
e 247 258 3834
e 140 303 4688
e 314 432 6348
e 160 403 6621
e 155 372 4097
e 104 442 8448
e 222 477 8805
e 120 446 1450
e 227 424 3448
e 43 213 1708
e 259 420 4204
e 110 309 2211
e 112 266 8656
e 65 107 8749
e 51 203 1251
e 89 377 1772
e 195 442 5094
e 150 239 4055
e 83 130 6804
e 104 361 9766
e 160 300 2002
e 65 219 1121
e 311 387 1888
e 287 408 8609
e 82 278 8434
e 265 401 4066
e 41 448 9429
e 349 470 141
e 16 311 883
e 200 471 8276
e 18 197 7953
e 202 331 7985
e 228 460 7611
e 380 390 2587
e 80 209 9068
e 43 298 688
e 77 345 8455
e 271 408 4717
e 291 417 6387
e 230 451 7451
e 242 314 8671
e 463 477 1805
e 2 344 8976
e 357 359 7359
e 253 436 8822
e 68 136 4563
e 68 229 4335
e 31 383 8283
e 269 325 614
e 83 476 9102
e 2 106 8319
e 53 64 4373
e 9 244 1460
e 135 323 9739
e 8 459 9197
e 167 287 6033
e 197 265 9821
e 45 490 6066
e 176 309 7804
e 110 366 2040
e 214 310 4841
e 141 440 4131
e 6 75 3649
e 102 221 5310
e 204 339 9071
e 27 248 9941
e 244 264 371
e 84 286 7645
e 101 135 5210
e 128 491 4897
e 176 399 6683
e 302 393 8599
e 350 382 2609
e 288 412 3132
e 28 312 5699
e 165 463 6946
e 143 498 7452
e 28 491 2195
e 146 417 5725
e 109 267 6105
e 213 425 3165
e 344 468 4735
e 316 396 5055
e 429 465 2934
e 295 469 5963
e 337 439 8345
e 33 466 5180
e 354 486 3229
e 377 398 4912
e 319 396 6884
e 163 375 8438
e 55 104 5484
e 393 426 1282
e 20 83 8727
e 98 441 8884
e 266 365 4782
e 206 293 81
e 157 430 8301
e 262 291 586
e 298 430 6253
e 38 335 4114
e 161 231 6525
e 239 317 4400
e 32 275 5263
e 10 234 9147
e 72 417 1804
e 19 96 8851
e 130 292 8298
e 259 493 205
e 223 295 3751
e 167 455 2437
e 184 354 4172
e 106 380 4512
e 374 429 8588
e 64 263 5174
e 193 387 3993
e 9 313 4694
e 237 274 9128
e 155 360 1762
e 161 492 5704
e 62 439 9434
e 252 492 6917
e 14 75 1305
e 55 274 7449
e 162 490 1745
e 33 73 9957
e 3 285 4520
e 33 450 3575
e 17 169 6019
e 286 358 9510
e 214 326 566
e 80 373 8309
e 115 135 2227
e 186 339 9439
e 193 491 4366
e 145 394 2090
e 282 468 1205
e 57 64 7009
e 61 62 4253
e 170 492 9790
e 23 98 3895
e 67 141 8361
e 150 218 3349
e 183 202 2071
e 46 439 8193
e 224 346 5546
e 381 430 6284
e 171 191 447
e 116 224 8164
e 35 212 313
e 256 392 5480
e 347 467 3769
e 213 339 8491
e 344 410 685
e 35 78 6401
e 285 408 2324
e 61 418 9213
e 317 432 349
e 19 144 1816
e 128 136 7307
e 51 381 222
e 182 419 1911
e 69 71 1682
e 79 182 6481
e 143 433 1754
e 281 467 3204
e 226 273 2435
e 180 319 6287
e 433 496 6141
e 216 314 9350
e 404 445 8078
e 93 434 3522
e 83 156 8730
e 294 401 9050
e 130 299 4378
e 171 247 7566
e 28 329 3476
e 7 336 3190
e 94 417 7046
e 318 337 1620
e 148 465 707
e 36 164 2924
e 400 440 2663
e 180 427 8804
e 86 248 4375
e 6 136 7421
e 360 442 1848
e 17 124 3251
e 448 491 6157
e 347 381 7795
e 107 316 7248
e 113 169 945
e 33 130 3238
e 48 442 5576
e 107 473 8752
e 197 427 6532
e 106 233 7796
e 20 271 1926
e 26 168 5052
e 254 328 4406
e 111 355 3380
e 70 273 172
e 236 250 2837
e 281 284 9036
e 45 64 9405
e 156 248 7058
e 109 450 3712
e 121 214 8980
e 6 240 9614
e 75 430 5010
e 96 278 1137
e 199 432 410
e 82 402 9243
e 76 451 7290
e 182 214 6988
e 286 408 6528
e 145 163 545
e 412 431 2602
e 339 463 5567
e 148 185 2917
e 314 332 4119
e 273 486 7694
e 145 329 3377
e 327 349 1587
e 130 197 9375
e 39 374 8656
e 311 494 7196
e 16 292 4032
e 62 442 5692
e 407 417 1231
e 250 307 587
e 24 296 6299
e 134 350 4682
e 105 220 6813
e 136 159 3668
e 75 283 4459
e 32 204 1484
e 346 456 9283
e 128 219 5272
e 47 130 8281
e 46 303 4315
e 100 217 5571
e 173 187 920
e 129 169 9973
e 138 473 8263
e 114 416 7163
e 59 230 4653
e 74 459 973
e 281 495 8471
e 2 450 3855
e 343 485 6276
e 210 388 5821
e 277 497 6951
e 49 226 5295
e 98 417 3929
e 46 161 39
e 149 189 1089
e 37 73 7801
e 95 359 5054
e 66 466 933
e 268 500 6760
e 268 446 2155
e 7 310 8643
e 40 261 9764
e 157 239 5607
e 296 470 3353
e 43 138 5652
e 56 60 4307
e 156 423 6623
e 77 491 6801
e 145 436 6251
e 413 447 9996
e 154 237 5762
e 40 250 2920
e 147 317 690
e 300 415 2055
e 301 325 1336
e 41 220 2046
e 132 278 7697
e 359 398 5655
e 97 209 5422
e 194 211 9894
e 70 373 4763
e 92 283 162
e 8 228 7930
e 276 327 8276
e 113 157 5762
e 64 368 8879
e 289 456 8322
e 163 323 1489
e 10 365 2523
e 212 233 1097
e 64 278 8008
e 259 387 2119
e 16 48 2552
e 135 222 1308
e 137 167 2598
e 325 340 6601
e 100 274 7412
e 30 429 8202
e 156 186 8728
e 47 336 339
e 89 375 6703
e 43 256 5207
e 171 480 6461
e 121 319 7992
e 26 475 4916
e 354 373 4775
e 39 225 7781
e 26 51 7910
e 42 339 4429
e 199 476 208
e 63 208 4949
e 115 441 1112
e 136 217 7083
e 33 189 5404
e 327 446 5363
e 226 385 7500
e 2 337 557
e 185 351 5398
e 202 458 9036
e 214 448 7572
e 259 325 6559
e 449 478 9473
e 181 389 2317
e 293 314 8382
e 181 452 5975
e 223 312 3229
e 190 459 7280
e 275 327 2359
e 35 50 5778
e 382 405 9158
e 236 296 5444
e 435 484 4000
e 127 475 9239
e 102 121 7777
e 23 344 8361
e 55 288 519
e 231 479 4826
e 273 404 1512
e 32 491 1462
e 430 445 6203
e 213 481 2735
e 139 329 7164
e 332 345 6903
e 311 409 2154
e 61 165 6323
e 199 215 8700
e 83 330 9461
e 121 344 614
e 61 330 3085
e 233 301 4696
e 66 492 8794
e 228 401 8404
e 345 393 2172
e 98 448 8901
e 34 234 3082
e 120 460 4682
e 316 482 8980
e 82 160 2097
e 269 494 4689
e 44 470 9214
e 99 395 6142
e 370 415 4919
e 315 483 8124
e 228 414 6765
e 96 131 1473
e 332 428 5573
e 64 162 2029
e 84 272 5842
e 290 360 1398
e 295 381 6218
e 160 442 791
e 15 302 5414
e 266 282 4038
e 301 316 5040
e 153 494 3352
e 231 407 3249
e 2 317 7097
e 23 33 6275
e 122 262 5821
e 116 191 4668
e 191 378 1302
e 190 357 1781
e 67 330 8073
e 202 310 1705
e 321 483 4094
e 461 462 3436
e 316 386 4988
e 221 259 4176
e 43 232 659
e 274 329 999
e 22 240 2886
e 22 400 383
e 244 276 2415
e 116 354 793
e 237 485 6798
e 7 75 9846
e 95 372 2230
e 253 494 1061
e 23 61 4594
e 274 296 5019
e 271 455 9452
e 278 427 4989
e 80 474 2744
e 238 382 9874
e 277 458 5207
e 331 375 3342
e 112 301 8876
e 6 54 7873
e 36 193 990
e 356 495 7840
e 367 378 7320
e 304 433 4283
e 38 321 6145
e 33 397 8817
e 63 399 898
e 213 424 1390
e 430 461 3590
e 173 176 6442
e 369 386 229
e 217 313 344
e 156 359 6573
e 185 412 5813
e 44 180 2859
e 155 220 3940
e 128 208 3899
e 34 450 8630
e 18 450 2247
e 102 322 9419
e 367 433 4907
e 435 482 9429
e 101 221 836
e 102 225 487
e 413 424 9665
e 310 374 325
e 109 361 8666
e 320 346 5555
e 314 473 4044
e 58 113 8913
e 255 474 8271
e 361 430 4506
e 113 184 5335
e 39 299 7271
e 248 487 2901
e 98 253 828
e 232 381 683
e 184 320 3796
e 244 345 9186
e 195 424 609
e 157 317 5021
e 119 191 2097
e 320 398 9603
e 192 440 188
e 399 447 6127
e 288 358 5701
e 99 319 1263
e 30 284 386
e 145 500 4551
e 297 480 4090
e 273 382 8753
e 188 457 4920
e 123 290 2562
e 47 124 8648
e 375 403 5341
e 149 310 6512
e 250 446 6771
e 173 188 9137
e 364 495 2187
e 139 315 708
e 18 315 8569
e 110 357 3434
e 152 324 8599
e 118 444 1787
e 371 397 5412
e 270 413 9063
e 356 458 7985
e 92 137 6532
e 40 64 5221
e 238 331 6408
e 279 449 9247
e 156 475 5626
e 88 376 7288
e 32 101 6843
e 5 68 589
e 129 270 5953
e 72 421 4922
e 215 328 4384
e 32 454 7751
e 250 291 2083
e 121 274 9196
e 263 407 9605
e 261 262 1522
e 79 295 221
e 210 367 1611
e 118 498 7966
e 251 326 1790
e 233 496 8825
e 299 312 8012
e 128 448 877
e 73 402 6637
e 154 456 4075
e 56 366 4788
e 6 310 2690
e 212 277 5909
e 23 357 7506
e 157 281 3331
e 119 321 509
e 221 486 6278
e 24 176 688
e 176 264 7568
e 41 257 1287
e 154 326 6964
e 6 443 6121
e 79 463 60
e 63 119 4680
e 72 316 1210
e 57 106 190
e 427 429 6833
e 104 359 5157
e 186 192 3035
e 231 353 4681
e 49 188 353
e 21 471 2567
e 157 448 7718
e 84 256 1253
e 42 171 8160
e 316 454 710
e 343 414 6394
e 366 467 833
e 21 74 7080
e 359 371 2376
e 302 319 8561
e 226 321 7197
e 326 420 514
e 136 271 495
e 74 436 8690
e 61 279 4547
e 61 148 5579
e 230 376 3646
e 108 449 3004
e 55 180 263
e 37 285 198
e 257 264 7594
e 299 372 1685
e 132 313 707
e 24 487 3625
e 122 129 2422
e 269 424 4781
e 165 261 8921
e 78 158 4316
e 459 495 9737
e 233 395 1094
e 95 330 4548
e 450 461 8536
e 346 481 2982
e 193 390 5299
e 51 388 3426
e 99 156 5860
e 238 335 1254
e 250 412 8201
e 15 46 885
e 254 404 3338
e 15 154 4247
e 90 302 1778
e 113 423 1956
e 319 360 7332
e 161 485 5457
e 168 216 6467
e 111 278 7922
e 491 493 5060
e 81 465 8776
e 344 380 9990
e 191 220 8315
e 329 345 902
e 93 171 2760
e 62 119 5967
e 165 452 2262
e 200 283 145
e 81 495 4559
e 101 184 8383
e 157 308 479
e 95 326 5529
e 480 489 1180
e 112 263 8200
e 155 354 5812
e 77 476 2611
e 292 458 9134
e 93 182 4576
e 280 483 5869
e 34 313 1458
e 144 442 5340
e 239 289 898
e 21 215 4225
e 163 426 2005
e 199 236 8076
e 31 346 3779
e 178 275 785
e 314 398 3001
e 271 341 663
e 484 493 5982
e 239 326 2553
e 266 278 7089
e 437 458 5904
e 115 212 9976
e 276 500 4458
e 24 113 1441
e 19 90 539
e 271 292 8902
e 406 472 7078
e 356 439 8971
e 206 306 6899
e 413 414 13
e 313 484 1016
e 91 416 4332
e 201 453 5517
e 133 198 1283
e 166 300 4299
e 12 466 6524
e 169 457 1177
e 107 474 4883
e 204 281 5841
e 436 500 6986
e 145 212 2407
e 53 241 4131
e 142 301 3539
e 73 164 8801
e 311 362 2346
e 194 361 9453
e 273 330 9482
e 61 477 5812
e 52 165 9768
e 257 301 2821
e 164 371 9818
e 52 245 7687
e 267 355 4252
e 3 219 2678
e 391 440 9026
e 299 395 9072
e 117 154 7040
e 7 247 1008
e 172 176 4946
e 140 351 6188
e 16 298 3652
e 19 255 753
e 84 493 3251
e 33 472 5319
e 394 468 8182
e 95 237 6391
e 300 473 3499
e 130 361 5542
e 280 496 6467
e 248 262 7989
e 382 455 6508
e 277 342 9490
e 199 287 9183
e 156 444 3488
e 426 482 9046
e 367 377 692
e 87 382 8854
e 4 30 2890
e 32 387 4469
e 26 421 9674
e 454 495 6026
e 152 399 7563
e 13 213 4277
e 63 135 8346
e 30 244 3328
e 298 366 3375
e 64 354 5380
e 405 498 5004
e 104 207 9372
e 329 488 6432
e 117 415 9858
e 238 257 8348
e 38 332 2713
e 113 146 9564
e 36 92 678
e 282 426 3046
e 58 202 4400
e 210 449 6506
e 56 340 9001
e 259 414 8013
e 183 220 4831
e 135 196 1088
e 163 447 7466
e 313 449 1013
e 266 414 9962
e 213 489 1292
e 82 395 1715
e 71 361 5280
e 315 363 782
e 108 459 8929
e 13 375 5723
e 252 490 438
e 335 476 8552
e 310 430 2640
e 35 298 1476
e 72 493 468
e 14 109 2996
e 217 437 3432
e 66 229 1623
e 50 154 1034
e 147 161 8739
e 47 228 9617
e 202 347 9548
e 114 436 1751
e 129 283 333
e 151 465 4848
e 129 471 5122
e 428 435 7636
e 80 149 7264
e 15 235 5303
e 28 192 4762
e 229 240 3888
e 47 398 1185
e 235 374 5445
e 313 472 3691
e 277 414 6655
e 26 189 8957
e 367 443 3405
e 96 324 1536
e 258 411 3152
e 300 390 1514
e 276 400 2926
e 77 239 9352
e 326 373 296
e 300 335 5997
e 93 433 2734
e 119 450 1835
e 140 235 9892
e 302 448 8075
e 321 388 9104
e 180 284 2513
e 141 213 1597
e 56 126 4943
e 33 225 1683
e 360 440 1265
e 338 377 8424
e 252 345 7156
e 345 383 8445
e 112 186 6384
e 159 262 7791
e 190 482 9490
e 130 143 2687
e 143 474 2114
e 196 486 2091
e 284 409 3448
e 51 80 6176
e 268 344 8352
e 125 236 566
e 71 488 3618
e 101 211 7878
e 47 445 433
e 207 370 6378
e 64 380 6917
e 307 466 430
e 20 316 446
e 102 335 6621
e 285 338 1117
e 258 414 2599
e 198 322 3454
e 46 137 121
e 442 472 363
e 191 479 4788
e 288 457 9055
e 17 177 5584
e 321 422 6729
e 93 113 7278
e 324 348 7695
e 258 327 2915
e 77 94 5600
e 24 314 6102
e 237 333 6248
e 63 102 5037
e 261 298 4629
e 81 404 2187
e 183 413 4284
e 12 179 8356
e 57 228 4039
e 213 380 508
e 271 462 5559
e 117 145 6572
e 310 444 9542
e 134 463 6343
e 364 458 8043
e 26 298 7658
e 20 274 99
e 100 223 83
e 465 488 4471
e 385 472 9597
e 199 309 7944
e 100 443 7112
e 218 294 9947
e 275 464 813
e 63 445 1763
e 140 390 2832
e 145 495 6114
e 108 381 5521
e 25 96 4019
e 156 270 6574
e 268 304 6042
e 99 264 70
e 314 317 1100
e 168 368 9403
e 246 462 9634
e 264 421 1813
e 3 438 3804
e 126 419 395
e 252 397 3951
e 114 366 3060
e 81 287 7612
e 247 316 976
e 191 445 4701
e 241 458 5079
e 4 450 1153
e 169 443 3173
e 9 77 8254
e 12 312 2864
e 9 324 5178
e 123 253 9909
e 203 458 1090
e 260 268 7049
e 136 304 8287
e 86 359 9231
e 44 309 2579
e 202 271 7831
e 390 402 9775
e 34 51 7732
e 193 335 9640
e 440 498 9035
e 379 419 1727
e 116 135 666
e 260 267 7019
e 187 398 6461
e 9 351 8051
e 120 427 3190
e 125 377 7007
e 185 491 4124
e 67 239 6401
e 212 312 949
e 112 413 177
e 119 216 5293
e 139 237 6850
e 267 413 7472
e 28 128 9600
e 2 414 5138
e 28 158 8683
e 410 429 7934
e 55 422 8101
e 146 405 2223
e 27 281 2740
e 90 220 2614
e 5 379 5212
e 128 369 5178
e 130 404 2589
e 88 485 4532
e 124 494 9272
e 128 475 4797
e 83 285 5621
e 180 493 4474
e 3 313 692
e 167 368 5953
e 279 459 868
e 146 304 1024
e 118 268 9487
e 70 143 1289
e 28 133 1282
e 33 346 4252
e 78 279 6516
e 176 459 2515
e 172 234 6440
e 306 469 3553
e 129 388 7747
e 308 389 8478
e 340 442 4432
e 176 242 6636
e 212 240 2449
e 93 157 1109
e 1 294 8039
e 291 367 4141
e 17 139 4918
e 222 320 6606
e 15 135 3574
e 59 465 4704
e 265 273 3862
e 438 457 6082
e 197 453 4067
e 25 129 5421
e 215 283 4041
e 377 449 9468
e 38 357 1830
e 36 182 2400
e 132 281 296
e 229 438 4593
e 105 182 1068
e 145 469 4026
e 203 296 760
e 117 166 1671
e 91 331 7647
e 315 319 788
e 2 476 9891
e 124 126 9038
e 83 211 2975
e 70 274 983
e 321 324 7937
e 8 262 1053
e 100 448 1411
e 244 480 8866
e 47 175 957
e 166 467 4569
e 113 212 6669
e 41 387 3928
e 156 265 7374
e 31 308 2687
e 289 438 6451
e 202 491 2569
e 242 280 729
e 388 486 897
e 398 466 7152
e 157 327 6065
e 365 379 5255
e 144 222 6766
e 415 457 6297
e 150 385 3594
e 71 143 5278
e 37 375 4624
e 26 271 85
e 252 380 9213
e 176 422 7065
e 413 415 6859
e 140 168 3204
e 67 495 4135
e 254 476 1886
e 90 351 1196
e 135 324 1158
e 32 214 2019
e 289 415 600
e 311 420 2507
e 168 479 7510
e 147 334 1886
e 155 337 5171
e 78 406 5571
e 173 217 872
e 338 454 6177
e 50 74 4541
e 305 369 1072
e 34 259 6381
e 333 383 3837
e 205 454 1535
e 458 497 9501
e 176 410 294
e 79 487 6887
e 1 491 5162
e 233 482 4612
e 203 332 8146
e 142 487 4462
e 444 495 7349
e 6 428 763
e 8 208 8705
e 154 398 4641
e 47 268 1138
e 208 269 4879
e 127 462 9509
e 440 467 6658
e 239 480 5877
e 300 395 6988
e 319 431 1842
e 307 309 4944
e 98 309 9690
e 152 427 1305
e 248 268 4412
e 18 167 9607
e 216 495 7396
e 246 394 9834
e 247 473 3346
e 213 227 330
e 11 173 6907
e 248 496 8503
e 67 319 2028
e 110 196 5859
e 205 496 1924
e 244 349 3679
e 57 264 7380
e 82 406 7643
e 220 332 6016
e 400 491 7406
e 54 325 304
e 77 168 1464
e 20 409 2646
e 23 416 9821
e 38 228 3836
e 474 493 1312
e 273 299 7816
e 393 460 189
e 273 435 3047
e 43 354 5007
e 102 402 6178
e 21 478 9215
e 15 309 9077
e 183 339 6544
e 229 382 7288
e 201 241 261
e 378 395 6808
e 116 398 6639
e 146 298 5271
e 143 455 1828
e 121 369 2399
e 249 374 2354
e 306 409 6392
e 28 159 8609
e 390 442 1613
e 431 439 7862
e 21 195 3729
e 98 500 1951
e 166 353 6258
e 343 383 118
e 54 211 9488
e 251 263 6707
e 389 422 7238
e 60 251 7322
e 36 464 4435
e 65 337 32
e 445 493 5575
e 204 209 4743
e 65 260 6219
e 298 414 319
e 67 127 3162
e 178 362 1033
e 33 35 7457
e 342 396 958
e 132 211 8168
e 249 489 1575
e 258 259 8847
e 76 365 2633
e 247 368 9521
e 254 484 4113
e 111 264 2581
e 288 311 3122
e 183 318 6385
e 255 372 5584
e 91 144 6408
e 183 438 6007
e 102 304 6152
e 28 330 197
e 95 318 888
e 159 457 6143
e 291 489 3447
e 219 302 5353
e 41 451 6232
e 226 297 258
e 265 408 4011
e 45 444 2696
e 107 487 6044
e 80 294 340
e 84 237 1742
e 135 367 2699
e 164 202 7555
e 43 387 8602
e 58 318 2097
e 54 348 2325
e 83 110 7459
e 320 384 4851
e 191 452 4114
e 125 139 3962
e 97 138 6066
e 40 177 8733
e 182 387 8789
e 116 160 4116
e 285 328 4335
e 36 190 7716
e 48 95 7426
e 300 459 2120
e 176 321 2246
e 129 195 4831
e 406 434 1986
e 284 443 8419
e 461 466 8679
e 121 316 6500
e 96 132 1748
e 43 149 3529
e 1 140 9677
e 114 487 5783
e 30 367 2090
e 60 161 1752
e 91 283 5078
e 74 282 7173
e 63 451 6527
e 16 50 1194
e 268 315 8135
e 8 115 6273
e 327 494 9675
e 19 493 5585
e 214 306 1815
e 137 445 5148
e 399 410 7471
e 384 408 1880
e 53 410 1402
e 347 447 4049
e 149 150 7104
e 91 380 2780
e 142 273 7963
e 276 316 8094
e 97 267 5382
e 146 208 95
e 80 352 2108
e 9 347 2911
e 203 254 2443
e 331 467 9758
e 58 327 6660
e 481 496 6614
e 397 407 2081
e 254 342 2163
e 59 417 5386
e 73 447 7381
e 284 317 1236
e 357 412 2112
e 215 355 9605
e 75 239 5668
e 226 343 8491
e 69 282 1947
e 227 493 2795
e 11 105 1066
e 174 425 2433
e 419 431 4885
e 129 367 3710
e 169 180 4455
e 12 278 9156
e 131 282 195
e 230 399 8013
e 430 451 3006
e 147 473 8038
e 137 271 1416
e 12 98 431
e 240 419 7389
e 303 354 8679
e 18 189 9303
e 59 256 565
e 51 215 7709
e 53 82 997
e 86 317 3904
e 292 460 1699
e 138 275 8931
e 127 363 5458
e 156 394 9518
e 78 441 6327
e 237 307 2451
e 177 426 7390
e 27 124 9567
e 122 381 4922
e 416 488 2807
e 147 294 640
e 282 437 6837
e 27 169 6178
e 75 209 5773
e 418 483 4408
e 66 458 7395
e 145 348 2312
e 67 321 5526
e 31 247 433
e 25 314 2558
e 93 224 4465
e 7 308 6003
e 16 223 4165
e 2 367 4443
e 73 162 6019
e 83 273 1216
e 48 105 6817
e 219 241 3153
e 143 378 704
e 193 362 2023
e 123 208 3770
e 316 330 5105
e 60 375 8868
e 104 387 1412
e 228 274 9920
e 321 386 698
e 103 332 7865
e 266 293 2214
e 56 325 4598
e 54 70 4192
e 269 408 4130
e 268 471 7779
e 39 336 2554
e 66 429 2836
e 274 278 287
e 284 313 459
e 52 148 4435
e 296 401 8877
e 14 43 5157
e 410 459 4893
e 168 252 6807
e 189 206 5819
e 137 357 5454
e 2 294 5272
e 71 363 1389
e 362 470 1660
e 209 218 4874
e 4 431 2266
e 17 374 3100
e 115 295 7933
e 204 292 3413
e 329 427 9315
e 358 498 4628
e 31 408 940
e 411 448 2205
e 180 203 2331
e 203 340 9731
e 26 443 3837
e 57 383 7333
e 57 74 1184
e 227 335 2880
e 287 433 7363
e 189 429 8408
e 169 487 1375
e 447 466 1424
e 124 463 7826
e 213 342 7123
e 94 164 3542
e 241 394 4746
e 129 426 5169
e 189 330 4073
e 143 302 8282
e 168 450 7475
e 97 98 8174
e 90 388 499
e 214 309 6601
e 90 454 3055
e 337 470 7321
e 82 499 5981
e 183 397 3111
e 215 245 5026
e 339 444 6372
e 136 344 1212
e 72 257 2314
e 61 460 7141
e 183 398 2414
e 23 463 844
e 220 379 5069
e 165 181 3011
e 396 409 9582
e 244 286 1245
e 350 446 2617
e 230 468 4667
e 7 377 7077
e 180 283 7085
e 447 498 6761
e 15 176 8764
e 30 399 8076
e 366 462 3828
e 49 361 7998
e 5 212 2636
e 336 370 25
e 275 404 5410
e 226 455 4750
e 216 367 7514
e 124 265 688
e 44 339 4406
e 104 319 1995
e 259 283 3267
e 10 198 5258
e 38 72 3043
e 53 462 4296
e 34 417 5929
e 327 334 2487
e 382 434 6689
e 85 249 3612
e 152 227 9494
e 313 402 4320
e 323 427 9093
e 142 248 4394
e 292 478 3457
e 62 98 6638
e 225 394 5273
e 59 495 1886
e 227 472 8476
e 132 316 8208
e 221 430 9815
e 38 195 4342
e 22 224 9625
e 53 332 12
e 43 372 7864
e 70 438 3500
e 16 274 1599
e 147 357 6659
e 88 288 6018
e 277 324 7299
e 277 412 9395
e 126 373 642
e 340 360 9086
e 130 283 7215
e 334 419 7292
e 300 332 1592
e 77 413 7144
e 186 497 7450
e 141 300 5093
e 111 135 3099
e 284 389 2085
e 255 340 1879
e 219 449 9164
e 259 339 5366
e 60 386 1013
e 76 314 4161
e 125 347 8850
e 54 476 8781
e 9 185 7267
e 93 377 2095
e 193 424 1122
e 15 383 3386
e 34 66 1933
e 276 439 5214
e 4 293 2751
e 317 490 8029
e 178 333 783
e 86 453 6892
e 190 291 1233
e 32 194 9435
e 97 312 2879
e 19 141 4163
e 284 478 5662
e 377 388 1266
e 342 448 940
e 104 296 6767
e 288 364 5796
e 16 284 2134
e 1 137 3225
e 152 301 8552
e 187 338 1342
e 213 313 2436
e 296 450 8700
e 29 261 9675
e 174 298 9317
e 92 390 7906
e 272 459 579
e 7 105 289
e 247 401 5082
e 142 490 6363
e 151 383 172
e 173 484 4347
e 115 289 985
e 328 452 6400
e 297 458 9248
e 11 67 8888
e 178 235 8583
e 175 307 9632
e 30 495 8314
e 63 186 1830
e 71 222 5079
e 248 407 9310
e 38 86 7444
e 313 341 5517
e 5 126 3138
e 375 412 6998
e 1 49 7488
e 63 93 2044
e 101 417 9895
e 191 394 8259
e 34 376 9755
e 299 422 4621
e 125 384 2234
e 31 457 2834
e 73 269 7190
e 66 292 4348
e 74 91 1020
e 151 203 7054
e 237 466 9639
e 75 178 8153
e 281 305 8148
e 89 331 2840
e 221 454 7872
e 98 283 934
e 17 500 5397
e 35 383 4743
e 111 258 6423
e 175 355 1856
e 4 204 3606
e 32 279 8711
e 288 396 3017
e 273 427 9834
e 165 398 8509
e 55 477 408
e 155 484 2932
e 260 329 9433
e 162 170 8227
e 304 388 5541
e 127 395 7331
e 87 198 5583
e 239 313 7080
e 37 157 6650
e 154 358 6806
e 130 308 1676
e 475 498 6439
e 23 99 2389
e 100 166 4012
e 172 421 3372
e 189 336 1458
e 7 343 1148
e 195 259 389
e 119 261 3101
e 55 409 1282
e 19 89 2322
e 145 473 7658
e 177 365 8850
e 69 375 6779
e 82 418 561
e 76 218 507
e 27 368 4956
e 119 401 200
e 294 402 9845
e 136 356 4655
e 110 492 4348
e 115 146 7946
e 97 193 6021
e 208 225 9098
e 257 452 6548
e 299 342 5400
e 133 271 1157
e 222 239 6056
e 42 183 6140
e 149 498 4777
e 103 208 2542
e 100 331 3610
e 23 328 3920
e 222 420 4763
e 325 484 3603
e 157 365 7907
e 311 402 1558
e 287 305 7197
e 62 277 4658
e 87 194 6380
e 58 433 229
e 233 359 9549
e 44 435 1109
e 57 359 6125
e 5 338 47
e 18 343 6225
e 286 413 2627
e 249 409 1261
e 158 278 3342
e 107 415 5884
e 236 254 99
e 156 428 1170
e 238 361 405
e 208 372 2612
e 166 289 4490
e 239 423 6099
e 116 406 5733
e 155 230 8990
e 151 290 920
e 63 480 1559
e 129 304 3422
e 231 350 6718
e 101 167 2846
e 94 488 9957
e 162 187 1900
e 485 488 4899
e 424 475 2510
e 10 177 8955
e 337 458 6747
e 42 487 1528
e 37 167 8684
e 355 382 2865
e 200 460 3015
e 342 452 9392
e 211 376 5826
e 144 267 8093
e 219 441 3400
e 439 466 1012
e 276 452 1502
e 124 139 7580
e 258 275 4618
e 35 451 5556
e 159 496 5227
e 231 243 31
e 187 228 9468
e 24 244 1178
e 322 473 1566
e 308 417 845
e 269 373 5369
e 295 493 8431
e 237 394 2770
e 45 390 5312
e 221 274 9451
e 304 470 4873
e 332 467 554
e 99 258 9506
e 53 460 4543
e 315 449 7050
e 8 408 2557
e 254 408 5142
e 369 406 4586
e 61 478 1829
e 114 225 3333
e 234 358 3368
e 5 423 8711
e 210 467 3449
e 330 492 7898
e 160 232 9008
e 64 237 4756
e 170 415 3473
e 64 175 8302
e 333 420 273
e 359 463 3832
e 75 273 7693
e 104 203 757
e 100 470 1276
e 98 443 824
e 221 305 7357
e 127 421 6844
e 258 295 2155
e 101 153 1294
e 22 194 2535
e 324 434 4509
e 73 362 4249
e 247 444 8743
e 180 401 2031
e 121 371 1363
e 163 494 2084
e 234 293 1130
e 144 387 7344
e 281 498 8921
e 136 385 4133
e 93 164 4957
e 216 248 7601
e 100 438 2557
e 259 365 7791
e 178 320 7399
e 253 466 6003
e 12 414 2394
e 314 422 3907
e 163 414 1604
e 94 426 5060
e 106 275 6795
e 156 217 8601
e 229 420 265
e 133 342 530
e 15 438 1227
e 62 191 1248
e 149 344 2349
e 160 495 1339
e 57 336 3230
e 260 349 1338
e 253 475 509
e 94 255 972
e 178 385 1820
e 48 141 9956
e 76 318 5788
e 32 175 6626
e 400 455 2216
e 96 222 235
e 84 251 5049
e 325 338 5413
e 332 458 9952
e 95 136 2549
e 191 289 5712
e 150 313 1530
e 371 448 3729
e 274 342 5178
e 316 439 144
e 142 217 790
e 23 151 1713
e 326 331 9721
e 96 443 7577
e 150 429 2489
e 96 124 8315
e 42 254 6066
e 40 490 7406
e 172 180 8099
e 420 465 2725
e 130 379 3844
e 58 225 7135
e 118 451 2964
e 237 289 5533
e 96 255 7439
e 77 484 670
e 163 328 9133
e 196 494 3147
e 306 437 7206
e 17 99 2639
e 89 164 6995
e 137 419 1373
e 397 417 9234
e 1 10 562
e 263 353 1216
e 253 304 9928
e 73 250 8931
e 7 158 7187
e 29 397 3897
e 67 186 5157
e 105 412 1397
e 263 414 8357
e 274 406 5586
e 462 469 3692
e 257 367 128
e 219 467 3021
e 243 394 6233
e 317 324 7076
e 216 372 1313
e 29 469 8779
e 183 319 9545
e 309 453 3787
e 91 125 164
e 334 492 1534
e 90 373 1018
e 10 176 9684
e 214 320 1997
e 186 445 6196
e 126 304 4849
e 146 238 1042
e 296 371 5481
e 20 53 2160
e 86 269 4726
e 62 211 1855
e 102 215 8683
e 38 482 5861
e 100 134 6959
e 17 222 5358
e 97 167 4051
e 136 263 1448
e 274 407 1661
e 130 271 6881
e 413 474 3935
e 19 470 2639
e 371 415 6358
e 298 377 708
e 15 103 9553
e 254 386 1391
e 52 114 9344
e 151 336 6797
e 100 129 8053
e 19 332 1055
e 84 306 7472
e 16 289 3687
e 287 452 8438
e 71 434 2006
e 6 181 1294
e 8 327 1825
e 65 335 1083
e 53 421 6099
e 219 294 1
e 332 357 123
e 203 429 5790
e 283 468 9955
e 308 489 6659
e 88 482 5627
e 374 375 5413
e 166 212 4841
e 32 288 8777
e 81 196 7944
e 273 465 4753
e 6 281 9772
e 110 180 7935
e 104 306 9218
e 129 210 7462
e 137 404 5991
e 195 276 2020
e 43 304 1458
e 22 174 5126
e 122 223 6943
e 188 474 1625
e 63 109 5972
e 224 467 726
e 51 177 9971
e 489 498 9920
e 194 462 8870
e 202 419 1912
e 159 243 6176
e 60 223 7853
e 28 31 3369
e 54 143 9402
e 312 429 8374
e 149 188 1308
e 287 313 2070
e 166 240 3455
e 58 293 2938
e 180 437 7680
e 140 234 4564
e 130 216 2013
e 398 478 8851
e 103 416 3648
e 356 496 8538
e 334 385 8596
e 370 459 6937
e 140 456 7993
e 171 460 5987
e 165 478 5331
e 178 464 3380
e 37 324 6457
e 98 371 4732
e 26 414 7538
e 97 385 8417
e 87 116 7290
e 156 326 2787
e 157 290 2839
e 365 485 4664
e 192 477 6168
e 299 339 5324
e 93 403 1019
e 214 251 9167
e 143 441 9566
e 168 317 8473
e 253 254 9032
e 442 448 4857
e 266 395 9350
e 16 301 1172
e 51 184 2150
e 362 413 9659
e 40 264 3839
e 137 418 8496
e 69 357 952
e 130 408 9698
e 165 385 9513
e 260 337 4557
e 143 362 5470
e 171 326 9770
e 62 200 5248
e 106 240 463
e 84 425 4523
e 89 408 7875
e 19 50 6366
e 227 454 7033
e 43 252 2595
e 11 24 2741
e 148 343 6373
e 131 203 7507
e 16 370 650
e 257 469 6142
e 260 483 825
e 199 333 8701
e 78 318 1034
e 131 288 7979
e 141 385 5976
e 6 118 5256
e 154 240 7733
e 310 394 9372
e 75 473 8441
e 86 306 8160
e 284 322 9511
e 48 443 6544
e 27 500 7806
e 240 409 4920
e 268 430 7296
e 11 168 2665
e 41 292 4881
e 98 299 1867
e 253 419 4284
e 183 378 3011
e 117 479 8952
e 8 356 4805
e 13 494 5550
e 120 277 3075
e 329 490 3689
e 82 382 3453
e 365 484 9625
e 337 462 4309
e 391 452 2509
e 344 382 813
e 245 457 5546
e 206 495 2909
e 356 459 6473
e 268 294 373
e 290 340 284
e 1 326 3332
e 237 292 7317
e 179 202 7738
e 28 281 4344
e 78 239 75
e 458 469 122
e 24 75 7316
e 304 401 6256
e 120 464 4617
e 219 477 6195
e 132 290 6577
e 488 500 7779
e 161 439 547
e 21 289 5474
e 197 495 2150
e 108 447 5602
e 294 344 2953
e 163 195 3474
e 66 476 6894
e 185 274 1008
e 186 437 4949
e 441 459 3239
e 99 295 2857
e 113 124 7858
e 57 128 4418
e 16 481 2925
e 31 388 581
e 65 118 4045
e 25 86 7383
e 101 110 1853
e 120 226 4491
e 265 322 8860
e 78 376 1403
e 113 182 7213
e 43 144 5503
e 293 393 7009
e 276 378 8896
e 95 225 616
e 266 421 7329
e 124 403 1787
e 243 490 2628
e 294 482 1029
e 222 373 4982
e 20 114 4827
e 101 156 8017
e 180 242 3404
e 386 481 9037
e 453 474 4295
e 208 276 6127
e 31 257 8285
e 230 336 2862
e 62 475 3992
e 138 470 7078
e 150 346 4109
e 251 323 5834
e 271 303 2408
e 184 285 9443
e 102 140 7754
e 248 391 5068
e 121 366 880
e 145 256 485
e 233 315 7647
e 125 256 3438
e 72 102 7184
e 152 292 7808
e 113 287 3120
e 70 477 1668
e 49 487 7158
e 19 184 3467
e 31 291 8311
e 180 244 3258
e 372 454 4008
e 29 37 7139
e 221 233 7703
e 117 297 510
e 7 302 6308
e 12 418 3070
e 409 500 1272
e 227 480 2307
e 90 417 3696
e 296 428 5800
e 80 431 5709
e 289 331 9438
e 37 147 8095
e 64 74 7799
e 427 468 9702
e 140 347 7062
e 93 101 4773
e 99 256 645
e 317 449 4897
e 333 483 9224
e 181 336 5244
e 76 413 2652
e 43 336 302
e 387 469 7558
e 115 442 3302
e 259 299 8705
e 26 438 3974
e 128 453 1537
e 188 431 7472
e 309 402 7872
e 323 488 5933
e 7 174 3339
e 238 242 2618
e 151 417 5921
e 67 488 6159
e 398 445 1051
e 47 406 7304
e 35 253 8843
e 286 354 7968
e 94 315 3289
e 260 298 3930
e 240 435 1909
e 88 282 8640
e 231 483 4943
e 289 452 1265
e 87 115 3104
e 270 307 7589
e 74 225 3160
e 253 484 1297
e 65 496 6348
e 167 303 1792
e 304 385 2090
e 231 422 7997
e 302 479 9827
e 224 262 2656
e 3 292 915
e 192 255 5039
e 173 344 3796
e 62 487 7040
e 217 302 9903
e 228 476 2475
e 222 406 9387
e 199 408 7058
e 43 65 2907
e 189 236 2844
e 313 424 8112
e 348 466 4443
e 222 452 6056
e 251 492 5707
e 151 469 2586
e 38 364 4850
e 368 454 5212
e 68 296 9763
e 424 441 4443
e 32 282 9408
e 51 70 2484
e 314 455 9653
e 186 379 4770
e 107 306 3972
e 88 179 848
e 97 341 7742
e 475 476 5332
e 25 73 287
e 52 492 7005
e 375 473 1252
e 47 346 4481
e 34 421 2173
e 287 348 9321
e 88 453 7697
e 344 364 6125
e 284 460 2303
e 102 497 8032
e 28 461 4044
e 179 268 2612
e 390 460 3739
e 175 458 8651
e 193 232 57
e 338 415 1108
e 215 330 5372
e 74 189 7355
e 41 75 2633
e 346 404 6262
e 345 346 9173
e 304 460 4563
e 78 333 3236
e 88 105 4124
e 129 330 5852
e 67 282 8907
e 319 467 5590
e 38 82 4394
e 169 261 63
e 311 343 6376
e 29 229 3941
e 255 384 391
e 238 478 1847
e 147 196 8052
e 47 71 1017
e 255 382 5304
e 126 240 9639
e 265 300 3079
e 245 273 6347
e 36 496 8544
e 17 232 5282
e 134 342 4160
e 63 107 5485
e 265 461 9546
e 337 400 1228
e 225 401 9279
e 201 321 3341
e 18 369 4865
e 64 137 278
e 116 337 1099
e 83 453 2586
e 164 463 9703
e 48 108 8110
e 309 385 5108
e 65 390 9318
e 11 469 3110
e 469 492 7424
e 14 25 9198
e 117 266 3660
e 229 427 8443
e 41 344 1432
e 238 341 2251
e 297 309 8763
e 173 404 3465
e 21 258 7996
e 107 232 4472
e 40 121 1359
e 165 455 140
e 228 361 1135
e 101 437 1229
e 111 340 3078
e 97 128 6548
e 24 154 4638
e 31 233 1446
e 317 484 5240
e 40 79 2334
e 279 361 6461
e 196 322 4494
e 365 440 5430
e 7 137 6836
e 264 343 4049
e 149 248 3213
e 92 97 8709
e 339 452 4314
e 62 175 3708
e 27 260 4967
e 142 361 3051
e 8 18 7358
e 280 411 2960
e 145 379 1900
e 181 192 3565
e 94 490 2634
e 97 411 6157
e 141 181 9459
e 92 421 3717
e 148 325 7901
e 118 293 1013
e 53 299 6843
e 275 318 4217
e 248 439 8764
e 312 442 6006
e 254 425 1436
e 24 374 6967
e 363 468 1405
e 65 159 1638
e 81 443 892
e 205 219 110
e 211 493 8780
e 159 391 9167
e 295 330 6941
e 292 474 4402
e 144 457 2145
e 367 462 2263
e 201 417 2317
e 440 497 2339
e 199 416 2032
e 203 307 9866
e 287 302 6953
e 165 318 8701
e 107 254 7512
e 252 412 7572
e 163 499 7506
e 137 302 7105
e 142 334 2248
e 105 445 943
e 11 198 9851
e 117 212 3606
e 431 464 4160
e 368 492 8694
e 211 296 2634
e 174 290 1672
e 56 446 9931
e 222 435 6469
e 21 268 858
e 176 235 6439
e 174 217 9447
e 310 470 7856
e 268 473 669
e 26 388 9105
e 306 404 7511
e 168 223 7409
e 56 115 582
e 437 476 1032
e 234 428 7322
e 350 457 9145
e 34 433 4212
e 266 379 4318
e 226 257 3353
e 315 368 8983
e 300 469 9480
e 101 342 2030
e 232 481 9508
e 133 181 3812
e 301 352 193
e 258 308 9839
e 270 373 4825
e 156 211 2915
e 94 116 9461
e 93 170 17
e 30 220 5029
e 70 470 9072
e 141 248 8422
e 231 391 262
e 380 428 9169
e 237 270 4838
e 145 440 2748
e 138 303 4821
e 95 213 6599
e 186 381 7011
e 132 310 4443
e 64 124 7611
e 306 386 8029
e 417 462 8816
e 347 464 6089
e 4 340 6481
e 113 451 8826
e 67 467 5614
e 270 357 6777
e 277 292 5004
e 60 406 3797
e 56 372 6218
e 119 312 7450
e 150 225 1379
e 160 418 1260
e 270 446 5037
e 252 383 438
e 116 283 4581
e 19 473 3934
e 181 342 2094
e 260 448 6232
e 428 475 6259
e 224 451 4819
e 142 163 7610
e 25 443 6287
e 172 326 1754
e 35 476 7793
e 44 318 1345
e 123 251 7209
e 96 129 2423
e 40 195 5505
e 288 328 2314
e 382 472 3352
e 75 83 7435
e 136 257 3353
e 16 390 6866
e 270 303 9025
e 269 359 6658
e 132 221 8336
e 42 358 2686
e 153 387 5024
e 189 349 9279
e 89 122 7623
e 61 335 8503
e 350 379 8216
e 126 254 2672
e 333 499 1096
e 152 332 2062
e 121 437 9331
e 158 222 5140
e 233 396 5388
e 417 445 5388
e 212 380 8258
e 150 280 8871
e 287 479 1502
e 198 211 3869
e 112 354 372
e 4 327 4369
e 326 463 1436
e 115 440 5519
e 27 443 6402
e 141 171 8107
e 306 332 4741
e 9 63 3828
e 135 301 5924
e 209 214 850
e 471 482 444
e 16 287 6609
e 176 490 3733
e 86 110 4485
e 401 490 4893
e 39 99 9149
e 165 228 5339
e 102 334 5400
e 309 340 1502
e 154 341 5434
e 197 253 8217
e 191 305 2802
e 132 161 3692
e 111 458 8423
e 307 341 4636
e 187 337 6642
e 6 354 8879
e 318 355 3588
e 226 376 133
e 320 426 2154
e 16 299 3382
e 33 434 484
e 26 458 9273
e 318 417 3493
e 151 321 8823
e 161 272 2423
e 220 252 6771
e 111 443 2637
e 345 376 2832
e 153 183 4850
e 214 379 5692
e 108 431 5706
e 385 440 6390
e 71 208 4807
e 314 498 6115
e 23 184 8278
e 96 247 8683
e 258 442 8543
e 121 458 504
e 59 299 924
e 429 479 5837
e 298 437 4847
e 187 350 880
e 247 307 6855
e 219 485 591
e 17 477 335
e 174 191 9869
e 64 158 3170
e 159 292 5545
e 30 410 9067
e 189 383 9228
e 321 338 7920
e 247 452 3912
e 145 387 924
e 9 223 405
e 191 457 518
e 45 271 7679
e 195 261 6215
e 169 269 1843
e 228 354 5938
e 81 304 979
e 171 233 2311
e 223 228 2536
e 80 167 8890
e 335 346 971
e 47 345 2762
e 220 364 8045
e 234 402 2257
e 41 477 4263
e 82 442 5944
e 36 480 1752
e 417 494 9127
e 18 489 6477
e 329 353 2414
e 7 197 4154
e 407 440 5776
e 49 353 2971
e 286 397 9665
e 256 400 9502
e 131 302 736
e 42 126 7158
e 57 337 641
e 41 212 21
e 13 43 3115
e 15 104 4247
e 363 467 276
e 322 422 1675
e 84 367 1340
e 376 392 2635
e 269 465 9669
e 292 307 2663
e 202 226 9786
e 180 428 1622
e 61 91 8028
e 273 358 1860
e 101 242 1868
e 111 421 8927
e 333 379 7617
e 134 320 6765
e 44 227 6251
e 116 188 1528
e 75 452 8809
e 93 109 231
e 300 303 2897
e 33 185 9011
e 8 89 2633
e 133 189 9008
e 237 423 2074
e 33 459 1270
e 9 410 6281
e 69 493 2555
e 225 359 7551
e 17 447 9947
e 173 175 4999
e 29 390 2627
e 302 347 5020
e 127 161 860
e 59 174 4153
e 25 261 9031
e 186 442 1800
e 30 320 2255
e 359 405 4048
e 164 253 9026
e 134 306 7999
e 67 265 648
e 92 383 2108
e 78 96 6416
e 214 238 900
e 371 387 1971
e 335 452 7487
e 53 401 2007
e 317 326 8806
e 209 324 4702
e 257 310 4412
e 427 440 3885
e 396 498 7002
e 323 446 3449
e 428 451 3838
e 396 465 8662
e 119 445 1146
e 379 401 1468
e 243 380 7157
e 407 416 1969
e 100 126 6549
e 158 430 119
e 119 201 3513
e 50 315 3990
e 30 245 6146
e 88 302 9858
e 5 172 1024
e 105 285 892
e 68 364 155
e 454 464 7057
e 15 340 265
e 322 340 750
e 133 263 4029
e 72 90 8022
e 171 175 5160
e 320 474 1262
e 38 439 519
e 179 236 6303
e 113 483 2703
e 221 349 9948
e 8 225 6389
e 228 451 2487
e 109 137 3862
e 265 406 2597
e 38 290 4879
e 173 403 580
e 33 302 3948
e 156 327 6280
e 19 416 5443
e 187 290 4343
e 32 248 4031
e 103 485 6090
e 33 131 7445
e 327 472 8637
e 134 407 7824
e 70 100 688
e 42 384 2497
e 130 218 5259
e 169 367 8618
e 98 420 989
e 25 343 8353
e 79 275 8186
e 361 391 1568
e 19 285 502
e 158 174 7367
e 56 321 6173
e 212 296 1486
e 103 386 3637
e 164 320 2938
e 79 337 6641
e 21 22 4070
e 21 430 8312
e 80 179 8229
e 317 380 570
e 59 214 2659
e 248 271 7299
e 129 247 6689
e 205 369 4453
e 43 172 6631
e 35 103 7911
e 170 387 7514
e 75 313 9598
e 163 254 1052
e 28 116 9446
e 162 479 8527
e 68 457 5643
e 37 141 494
e 239 457 3967
e 150 242 8476
e 311 381 5855
e 52 113 1298
e 181 472 63
e 65 291 884
e 17 381 6017
e 27 153 4836
e 490 494 4939
e 431 476 4239
e 377 434 1962
e 218 278 6063
e 282 370 5338
e 155 191 5157
e 101 108 4893
e 247 335 9017
e 91 196 7901
e 149 361 2514
e 23 172 6347
e 103 477 6443
e 7 409 9535
e 272 317 3202
e 303 444 8721
e 118 124 8299
e 15 91 7813
e 146 421 6331
e 70 113 1189
e 93 389 7419
e 113 258 2323
e 5 330 5783
e 250 283 926
e 229 471 5445
e 124 355 3090
e 14 180 4232
e 209 313 5445
e 294 339 5715
e 134 327 9340
e 49 500 9966
e 297 488 2425
e 347 433 4479
e 3 31 4928
e 70 500 2719
e 28 304 244
e 284 376 9408
e 172 197 9564
e 105 135 9948
e 213 410 5551
e 319 335 439
e 29 369 8772
e 230 333 1593
e 149 412 7125
e 172 251 8365
e 335 468 8063
e 46 402 1637
e 125 366 5721
e 10 389 7187
e 88 419 6644
e 285 412 9995
e 450 452 9388
e 38 211 7490
e 106 241 9221
e 285 480 1109
e 275 321 6476
e 197 347 1308
e 107 478 4939
e 135 500 8445
e 386 420 2114
e 404 481 9652
e 50 101 2169
e 222 304 7423
e 37 420 57
e 112 297 9730
e 6 10 444
e 46 168 8769
e 54 253 4628
e 4 449 604
e 238 465 7565
e 33 101 2467
e 138 241 2431
e 32 405 6337
e 34 37 9638
e 158 493 8902
e 144 246 5921
e 223 231 8811
e 11 193 2451
e 69 335 8798
e 84 105 7094
e 320 347 4391
e 333 464 4343
e 461 490 1172
e 338 453 2566
e 136 492 3236
e 114 201 5742
e 61 381 1018
e 132 292 5459
e 46 452 3686
e 39 169 4295
e 232 434 3780
e 150 424 2361
e 197 216 634
e 377 438 1216
e 94 435 8676
e 457 468 7422
e 191 207 538
e 24 108 4480
e 98 452 3722
e 287 327 2626
e 72 297 9222
e 164 313 7382
e 68 311 2992
e 377 460 4128
e 206 292 3298
e 109 348 2414
e 76 384 7209
e 29 350 8098
e 432 448 2814
e 193 278 1020
e 13 161 794
e 198 202 9163
e 356 436 6907
e 167 399 7666
e 4 127 5814
e 170 244 8671
e 7 482 7777
e 178 455 8949
e 186 311 9243
e 103 449 3608
e 208 439 3248
e 194 301 695
e 285 351 2307
e 47 308 7824
e 456 470 8485
e 47 344 910
e 20 135 2388
e 168 191 6329
e 402 448 9779
e 78 148 2185
e 129 324 10
e 233 350 8718
e 405 461 2706
e 70 418 8292
e 302 306 1464
e 191 293 9983
e 45 88 8450
e 390 426 5701
e 11 438 4026
e 187 435 9165
e 2 406 5736
e 241 308 8093
e 166 213 8423
e 85 195 9977
e 151 210 973
e 65 172 9410
e 142 228 5236
e 129 151 8204
e 68 464 5031
e 216 377 5909
e 147 260 325
e 215 495 7833
e 37 452 3758
e 210 395 4639
e 174 485 1897
e 45 500 3922
e 341 425 2430
e 200 282 7513
e 366 443 8690
e 236 329 3404
e 301 495 5658
e 77 96 8037
e 70 426 722
e 291 312 297
e 129 322 1401
e 53 234 6920
e 439 459 9991
e 146 430 2476
e 166 299 5484
e 45 387 5278
e 257 271 8149
e 133 162 4511
e 142 373 8941
e 22 46 3687
e 231 262 6335
e 50 141 8445
e 129 441 9426
e 22 390 9177
e 224 499 5296
e 151 209 3970
e 288 361 1225
e 383 425 6461
e 206 302 6093
e 286 349 1834
e 114 403 9798
e 18 483 2481
e 292 420 4422
e 126 255 2339
e 55 153 759
e 50 84 1333
e 222 496 4063
e 251 390 5106
e 2 149 9185
e 107 209 6704
e 245 431 219
e 142 354 8135
e 19 491 5039
e 167 481 1735
e 120 161 8954
e 222 247 2510
e 219 337 2127
e 227 463 7860
e 94 299 708
e 296 421 5885
e 214 460 798
e 66 350 5548
e 42 421 4511
e 86 252 1863
e 143 222 8731
e 39 266 5655
e 163 305 2535
e 220 320 7868
e 229 465 5311
e 21 221 4389
e 157 475 516
e 67 499 2555
e 244 361 7655
e 70 79 5174
e 229 327 3548
e 89 167 1683
e 140 421 2306
e 311 357 8020
e 102 286 3851
e 339 499 8688
e 149 308 1747
e 252 419 3282
e 99 101 1813
e 417 451 917
e 142 233 5736
e 38 255 1883
e 111 405 3663
e 323 480 339
e 261 460 4869
e 27 319 7652
e 91 469 9270
e 244 275 3944
e 29 224 5125
e 239 300 9883
e 17 264 3919
e 212 307 3636
e 94 479 6285
e 262 371 4442
e 35 69 5238
e 103 243 6104
e 93 232 5836
e 399 437 4468
e 332 489 2266
e 168 273 2367
e 289 313 9868
e 93 346 2066
e 150 477 4323
e 177 421 7231
e 177 389 8804
e 45 158 9989
e 203 423 1451
e 249 333 6823
e 118 194 1029
e 125 489 8388
e 286 415 9236
e 39 143 8903
e 68 375 2280
e 93 485 10
e 130 209 3857
e 238 308 5976
e 41 187 6992
e 344 464 2683
e 258 470 3146
e 59 341 5851
e 3 196 3147
e 149 230 3534
e 163 218 117
e 5 110 8196
e 273 419 5533
e 347 491 6302
e 70 119 7391
e 48 161 2547
e 75 369 9030
e 387 455 3049
e 151 461 1240
e 269 389 8639
e 45 289 9931
e 279 303 6133
e 69 258 1999
e 198 482 3204
e 36 296 4429
e 245 451 6803
e 10 453 660
e 286 430 1042
e 35 54 7410
e 234 455 4546
e 87 354 2759
e 140 432 8502
e 224 419 4610
e 82 198 5731
e 175 466 5387
e 195 316 9206
e 222 397 4024
e 139 252 2589
e 7 153 4633
e 153 269 2600
e 165 364 1235
e 366 478 9242
e 46 244 3846
e 129 434 9703
e 292 486 1439
e 167 340 2759
e 84 229 7731
e 8 268 5393
e 39 419 5507
e 264 444 5212
e 58 245 2302
e 153 402 2845
e 362 454 1484
e 145 170 4211
e 436 460 2017
e 205 391 5658
e 13 458 2943
e 134 488 7868
e 104 331 6038
e 420 422 331
e 49 355 528
e 146 474 8745
e 270 313 8943
e 89 95 2871
e 405 471 2152
e 62 332 950
e 345 367 4644
e 232 346 6192
e 424 485 2227
e 184 314 4489
e 148 353 5112
e 346 495 6712
e 6 210 8637
e 130 233 7432
e 125 476 3103
e 146 497 345
e 391 497 6802
e 367 400 8809
e 136 230 7238
e 429 471 6040
e 194 326 7106
e 298 302 6370
e 120 325 7237
e 170 348 9954
e 133 256 3774
e 155 170 9654
e 114 483 4630
e 12 294 9242
e 310 320 4501
e 195 460 8202
e 74 422 2188
e 90 479 5753
e 97 396 3578
e 81 364 1263
e 111 113 2024
e 371 480 7267
e 254 488 6212
e 45 163 6234
e 283 445 9372
e 47 273 2479
e 168 439 2424
e 132 372 2368
e 39 60 6025
e 78 313 1674
e 24 293 2585
e 410 422 7597
e 319 320 4188
e 322 432 7673
e 156 380 5013
e 281 393 9308
e 165 381 8069
e 74 356 5847
e 124 179 1394
e 374 397 165
e 287 410 5108
e 59 321 5422
e 54 430 3814
e 39 315 5796
e 164 435 5111
e 340 456 8727
e 253 276 3415
e 337 496 6042
e 38 169 5847
e 156 410 5265
e 129 245 5572
e 353 450 3496
e 411 462 9313
e 168 239 1818
e 155 441 5272
e 57 196 4002
e 188 220 9930
e 25 55 6888
e 142 488 7746
e 195 490 112
e 361 437 3366
e 271 345 4834
e 34 377 6915
e 139 253 6994
e 110 341 317
e 239 262 8067
e 14 346 7136
e 147 480 4057
e 18 493 5230
e 336 387 4568
e 191 296 4347
e 194 322 2313
e 346 355 8264
e 362 419 1483
e 29 80 7670
e 132 253 1452
e 139 485 6247
e 2 432 4174
e 55 417 6362
e 267 483 6449
e 37 366 7414
e 28 129 5374
e 105 187 1111
e 170 311 1367
e 76 138 2856
e 122 421 4521
e 106 356 8986
e 72 407 4588
e 92 174 5299
e 118 311 5071
e 41 128 7549
e 362 405 2664
e 159 452 5619
e 130 450 717
e 296 463 7825
e 180 230 522
e 134 308 6290
e 387 435 4109
e 427 455 350
e 128 340 537
e 2 19 4632
e 74 219 8910
e 109 284 3265
e 310 388 4040
e 74 312 6149
e 280 494 5211
e 82 114 7790
e 311 499 7488
e 434 474 7622
e 306 483 1640
e 124 175 488
e 86 144 8278
e 338 340 8870
e 120 415 6626
e 181 229 749
e 36 466 5981
e 288 479 8733
e 38 234 1338
e 321 498 3429
e 134 248 7439
e 189 472 9400
e 353 466 2535
e 107 493 6528
e 111 242 8924
e 129 341 3941
e 256 480 4557
e 196 289 793
e 166 422 1754
e 68 101 6314
e 235 313 8200
e 414 440 6054
e 306 433 3562
e 186 260 8053
e 116 139 5780
e 131 347 822
e 16 197 2593
e 68 232 5495
e 250 312 9272
e 249 487 6285
e 123 293 7557
e 61 128 2076
e 219 271 908
e 406 471 3910
e 391 450 4909
e 92 420 8491
e 52 101 317
e 214 418 5230
e 28 369 3251
e 57 303 191
e 153 427 76
e 154 354 9534
e 29 256 3160
e 197 362 7863
e 185 339 9344
e 253 359 1353
e 65 132 2741
e 125 191 8127
e 33 116 1943
e 210 269 3928
e 260 363 8712
e 330 462 9128
e 57 164 1125
e 81 299 3928
e 244 267 6900
e 23 256 293
e 216 400 1298
e 327 367 3112
e 248 411 1821
e 289 299 7676
e 103 152 8090
e 279 417 4448
e 11 278 3884
e 302 318 1643
e 111 417 4574
e 257 494 5052
e 18 215 9158
e 123 179 4903
e 113 308 7115
e 43 88 1654
e 219 289 6019
e 40 144 6573
e 164 445 7560
e 196 467 2429
e 264 463 2222
e 59 430 4381
e 314 491 2204
e 9 207 5914
e 138 247 3721
e 107 112 4573
e 77 286 3478
e 100 420 1400
e 371 498 1795
e 178 465 5310
e 96 284 1682
e 330 340 3184
e 264 324 4393
e 23 34 2397
e 209 400 1976
e 160 365 7511
e 297 312 5529
e 16 439 1006
e 146 220 4612
e 218 232 4350
e 115 159 9316
e 310 440 2630
e 91 446 4648
e 116 422 906
e 141 185 7008
e 33 491 2676
e 258 500 4644
e 98 267 6124
e 234 263 6263
e 18 214 9734
e 411 467 2233
e 198 254 4124
e 180 312 693
e 152 476 7800
e 61 320 1582
e 37 371 4466
e 198 238 7919
e 272 358 1952
e 285 421 9034
e 72 495 3549
e 110 262 6161
e 265 309 4070
e 65 123 1377
e 239 360 4149
e 146 307 9107
e 97 298 1747
e 52 344 820
e 158 425 5648
e 331 348 5974
e 159 453 2710
e 221 470 5132
e 328 358 7315
e 215 444 4543
e 395 438 387
e 27 202 9098
e 362 383 8371
e 278 358 8002
e 166 478 4356
e 70 126 5743
e 174 418 3186
e 26 404 8413
e 344 406 8221
e 415 479 5320
e 49 167 7258
e 276 476 8212
e 171 308 7011
e 358 432 3516
e 108 322 1194
e 112 231 4141
e 286 351 7856
e 278 429 4613
e 57 175 9067
e 45 295 9175
e 128 210 8166
e 235 402 1824
e 276 410 8694
e 119 288 6450
e 212 365 1675
e 73 444 8002
e 333 343 4521
e 147 441 365
e 178 470 4976
e 112 318 973
e 3 78 5124
e 85 214 5348
e 200 490 8310
e 206 412 8343
e 135 342 8794
e 147 386 2130
e 437 473 7448
e 424 455 1872
e 147 312 2167
e 315 482 5872
e 303 348 1667
e 60 100 1369
e 177 423 5540
e 133 255 4085
e 186 196 1897
e 262 476 1237
e 339 453 9187
e 47 455 2036
e 212 238 606
e 27 160 5410
e 63 432 4405
e 33 178 5108
e 106 116 313
e 1 209 962
e 74 452 6333
e 42 446 7162
e 179 262 4751
e 167 267 9670
e 77 184 6100
e 177 228 9347
e 265 346 7163
e 181 188 299
e 7 182 3488
e 146 204 7420
e 205 482 8674
e 150 339 2903
e 17 266 2626
e 76 299 8014
e 317 396 1203
e 27 405 4817
e 108 299 8545
e 248 253 2820
e 140 467 7987
e 93 267 6573
e 140 174 5545
e 93 117 8820
e 56 431 6833
e 68 341 5003
e 25 413 298
e 335 474 179
e 163 345 1541
e 75 302 6915
e 140 402 6866
e 251 328 3552
e 145 373 4123
e 30 226 3349
e 342 400 9912
e 13 68 5579
e 8 458 9960
e 392 458 9472
e 13 115 9701
e 241 377 3211
e 400 411 9607
e 12 53 86
e 333 351 789
e 32 213 1393
e 89 105 8599
e 225 407 1843
e 327 399 6457
e 183 268 1249
e 77 129 5388
e 227 311 9116
e 148 232 3948
e 160 261 5367
e 181 478 6631
e 63 455 220
e 24 372 4613
e 355 380 1908
e 80 394 961
e 395 488 2997
e 125 363 6964
e 43 69 672
e 89 91 8090
e 5 259 9299
e 206 447 2878
e 57 80 8825
e 204 287 9853
e 121 266 434
e 286 389 2780
e 297 484 9134
e 252 276 4739
e 236 368 5527
e 174 225 3879
e 99 213 1223
e 48 425 776
e 184 397 9383
e 44 242 3913
e 57 180 2371
e 254 327 1830
e 180 186 5153
e 77 351 9588
e 245 268 6277
e 62 155 8652
e 450 469 6044
e 333 442 7302
e 8 466 1145
e 176 421 7906
e 175 359 3615
e 151 407 8583
e 191 443 2825
e 214 421 181
e 156 469 6547
e 189 402 2899
e 423 459 6130
e 153 270 5871
e 139 258 713
e 407 481 8335
e 146 175 7889
e 388 497 4478
e 237 323 2125
e 370 480 1381
e 200 381 2150
e 265 384 7560
e 297 371 8885
e 108 206 2369
e 84 100 9847
e 384 461 5705
e 4 45 1348
e 145 390 5886
e 85 176 8919
e 148 227 4468
e 231 235 2280
e 211 344 8301
e 293 422 843
e 180 296 9972
e 6 35 542
e 282 349 2865
e 302 316 2051
e 66 187 3976
e 145 465 3496
e 362 421 6019
e 190 324 8936
e 205 435 5439
e 182 229 201
e 431 449 8754
e 68 244 2837
e 138 144 1221
e 439 455 9080
e 89 148 9093
e 205 247 9644
e 15 61 9063
e 45 367 6746
e 141 153 4235
e 226 298 8985
e 236 251 1362
e 281 389 9168
e 105 417 6760
e 73 242 20
e 127 343 398
e 144 497 1394
e 19 317 8610
e 189 239 1646
e 128 474 1598
e 92 173 8411
e 122 235 4435
e 92 143 6658
e 375 493 3806
e 304 477 4197
e 8 437 1500
e 54 429 2430
e 271 295 8913
e 147 241 5206
e 348 438 5844
e 2 196 1418
e 286 309 6309
e 37 368 2207
e 255 491 5901
e 17 223 6167
e 58 192 7337
e 173 191 2373
e 273 335 2240
e 353 418 8763
e 18 270 7914
e 167 440 8470
e 117 377 6238
e 343 423 2725
e 431 454 678
e 79 115 2583
e 253 498 5278
e 120 259 871
e 35 42 6202
e 253 295 7823
e 386 464 3154
e 461 472 1832
e 374 413 6873
e 222 363 9472
e 369 446 4463
e 67 439 207
e 244 424 3708
e 120 367 5713
e 21 116 4099
e 262 416 4257
e 213 267 4256
e 323 409 2446
e 310 464 6266
e 415 464 2128
e 62 386 8903
e 354 412 528
e 273 362 3639
e 31 372 8817
e 67 443 3567
e 83 481 2109
e 127 349 1932
e 274 333 3338
e 412 464 3360
e 179 343 488
e 48 383 81
e 286 482 9703
e 334 485 2803
e 131 193 2170
e 86 207 4624
e 307 418 3656
e 10 180 7620
e 102 366 1132
e 30 82 2780
e 19 432 7193
e 125 141 4576
e 211 451 8387
e 270 418 6908
e 161 242 4030
e 81 214 7345
e 251 354 125
e 274 319 6677
e 284 310 8927
e 53 240 1696
e 89 459 4322
e 2 186 1798
e 19 386 7547
e 78 166 6494
e 368 422 9051
e 106 198 2689
e 157 370 3543
e 18 199 7363
e 147 340 8026
e 363 456 2424
e 237 384 6874
e 19 212 9970
e 181 500 8034
e 107 484 1972
e 120 292 3664
e 47 64 9362
e 74 338 3778
e 94 113 9689
e 219 345 9399
e 142 422 8193
e 16 19 8484
e 52 244 7776
e 260 262 8550
e 390 480 3389
e 16 344 2292
e 278 376 7701
e 113 156 6808
e 299 396 6975
e 159 416 4587
e 109 472 1790
e 262 470 3440
e 25 395 3205
e 419 452 4595
e 59 461 3344
e 308 465 6598
e 70 266 6925
e 81 310 7701
e 281 480 992
e 227 470 4014
e 375 402 4157
e 150 386 5885
e 444 453 9642
e 25 185 2039
e 102 494 6362
e 431 483 693
e 158 383 97
e 286 311 6561
e 477 481 6009
e 274 421 1497
e 279 424 8258
e 311 448 3980
e 254 391 3231
e 150 254 7579
e 489 491 6084
e 1 99 1511
e 318 367 4617
e 17 125 8166
e 364 407 414
e 246 376 2927
e 82 465 1441
e 376 416 3478
e 103 311 647
e 203 213 7094
e 122 351 6104
e 411 474 4114
e 67 236 1819
e 106 292 6935
e 301 492 8899
e 324 366 6667
e 156 236 4525
e 384 475 35
e 139 261 7710
e 26 158 4521
e 77 453 1573
e 216 440 6307
e 5 454 4506
e 288 346 3437
e 112 143 2302
e 90 162 3298
e 105 404 6442
e 15 449 630
e 155 248 6163
e 174 214 4046
e 435 495 8843
e 199 468 6544
e 324 467 3552
e 116 304 1971
e 199 458 5429
e 132 266 7744
e 254 373 8979
e 100 336 65
e 175 440 9281
e 219 399 1694
e 52 334 1983
e 220 376 8886
e 268 458 9981
e 155 398 2658
e 68 79 479
e 50 277 40
e 47 330 7130
e 215 287 3485
e 201 481 3643
e 189 438 8372
e 124 244 2857
e 378 457 7100
e 284 329 4708
e 25 423 3143
e 12 228 9734
e 131 304 8218
e 155 176 3920
e 34 235 3428
e 367 382 6186
e 253 336 1042
e 123 232 7880
e 61 318 1431
e 80 267 5790
e 382 475 5450
e 300 424 8103
e 6 233 3287
e 89 378 3984
e 93 429 318
e 183 289 3906
e 58 175 7239
e 56 382 3561
e 83 296 3179
e 181 198 2650
e 392 478 4227
e 165 415 9330
e 237 454 2275
e 68 471 1744
e 138 154 2409
e 72 364 5300
e 346 414 8772
e 66 401 450
e 392 439 6395
e 36 147 6480
e 117 182 4060
e 207 442 385
e 11 400 5153
e 99 190 4731
e 90 306 6119
e 264 311 1550
e 50 98 5492
e 53 182 9456
e 179 277 8341
e 293 456 2819
e 303 492 6927
e 84 225 2367
e 86 285 2472
e 142 194 3199
e 105 440 4787
e 28 85 1173
e 152 458 2694
e 134 168 7781
e 132 235 716
e 187 286 7765
e 119 394 287
e 201 490 4729
e 252 496 5474
e 40 312 6403
e 176 278 2616
e 242 265 1188
e 266 336 6706
e 39 429 1848
e 262 280 2713
e 91 295 6438
e 167 495 5972
e 214 500 7192
e 14 297 5286
e 248 434 156
e 94 197 6325
e 37 367 4402
e 32 306 8390
e 261 415 2638
e 278 338 3372
e 129 419 1223
e 12 49 1004
e 123 313 7929
e 71 385 5482
e 320 429 9775
e 381 492 4504
e 33 98 4508
e 127 214 6113
e 19 32 1243
e 120 238 5011
e 100 164 620
e 11 359 1742
e 286 321 413
e 144 414 1460
e 148 443 1661
e 112 165 4458
e 133 370 3369
e 126 499 8313
e 17 163 8961
e 123 190 8127
e 206 484 4378
e 51 239 7481
e 399 455 6626
e 89 500 1835
e 355 480 4193
e 338 374 586
e 95 267 1063
e 2 231 6338
e 151 439 6312
e 259 375 3506
e 73 303 4564
e 45 53 9647
e 21 303 7740
e 12 110 2312
e 214 375 6891
e 96 252 3059
e 69 302 3167
e 162 279 6620
e 114 361 9494
e 7 100 2417
e 321 456 5314
e 201 216 5479
e 68 194 3769
e 33 332 6930
e 254 293 1235
e 171 276 4473
e 300 361 7081
e 72 318 83
e 116 187 3465
e 44 56 5639
e 282 497 3891
e 135 349 2922
e 208 475 2286
e 129 207 5239
e 277 465 8869
e 5 271 6980
e 50 360 2536
e 180 399 7369
e 104 128 3922
e 174 428 9253
e 114 448 9261
e 313 474 5584
e 26 488 7021
e 407 421 8130
e 71 378 2458
e 102 417 1505
e 18 244 8468
e 334 370 3754
e 75 126 3261
e 84 438 5075
e 321 414 3788
e 176 206 1938
e 1 233 5758
e 140 396 8238
e 226 276 5999
e 84 339 2513
e 413 457 120
e 95 188 486
e 345 388 8112
e 320 455 9933
e 97 407 2817
e 81 206 4757
e 144 419 9852
e 217 454 7375
e 149 488 4125
e 171 379 3170
e 126 426 6107
e 80 335 7559
e 19 322 4591
e 2 437 5003
e 9 417 185
e 138 263 3444
e 122 200 9415
e 297 358 9153
e 51 94 7081
e 216 329 6908
e 152 346 9771
e 159 223 1173
e 39 307 6693
e 25 273 9850
e 41 208 5216
e 419 433 7535
e 245 256 7740
e 223 333 9957
e 137 318 2170
e 284 300 1322
e 205 254 6368
e 58 470 9569
e 478 500 6107
