c random 500 vertices, 5000 edges, seed = 0
g 500 5000
e 1 2 8239
e 2 3 3760
e 2 4 8379
e 4 5 8503
e 3 6 5683
e 6 7 6866
e 2 8 1399
e 7 9 376
e 1 10 9868
e 5 11 6033
e 3 12 8119
e 12 13 6254
e 10 14 7841
e 2 15 969
e 10 16 5480
e 10 17 7012
e 4 18 5360
e 2 19 85
e 6 20 1999
e 12 21 6288
e 12 22 1043
e 21 23 5489
e 18 24 3757
e 20 25 5395
e 8 26 3671
e 17 27 5969
e 15 28 441
e 4 29 9280
e 12 30 9706
e 27 31 8327
e 6 32 1326
e 12 33 9474
e 11 34 6700
e 29 35 7632
e 4 36 5012
e 18 37 8645
e 7 38 3080
e 1 39 7521
e 10 40 916
e 2 41 490
e 5 42 7519
e 27 43 7633
e 3 44 5863
e 2 45 8233
e 35 46 5078
e 42 47 1083
e 37 48 1858
e 44 49 2416
e 46 50 2835
e 28 51 7212
e 9 52 5946
e 13 53 6315
e 34 54 5750
e 43 55 3071
e 43 56 7108
e 12 57 9084
e 15 58 8148
e 57 59 9534
e 5 60 260
e 8 61 5514
e 19 62 1663
e 34 63 9157
e 50 64 1120
e 50 65 8389
e 24 66 6611
e 53 67 1231
e 31 68 9758
e 65 69 3601
e 18 70 6084
e 31 71 1984
e 29 72 2227
e 67 73 10
e 23 74 2784
e 38 75 4069
e 56 76 6399
e 65 77 3962
e 56 78 2971
e 45 79 2239
e 69 80 2011
e 51 81 7273
e 20 82 5166
e 66 83 1326
e 58 84 3971
e 31 85 7694
e 77 86 7220
e 2 87 5042
e 84 88 5118
e 26 89 1818
e 22 90 5412
e 89 91 2150
e 4 92 6728
e 8 93 1682
e 37 94 1760
e 31 95 5878
e 7 96 7398
e 84 97 7118
e 48 98 195
e 47 99 3884
e 39 100 3677
e 43 101 2584
e 9 102 2418
e 64 103 8606
e 46 104 6843
e 102 105 8064
e 51 106 3512
e 26 107 9151
e 69 108 5578
e 7 109 5144
e 106 110 7123
e 97 111 6445
e 79 112 9568
e 85 113 115
e 22 114 3403
e 33 115 1718
e 2 116 4041
e 2 117 8747
e 8 118 6832
e 45 119 2493
e 69 120 1086
e 18 121 8288
e 7 122 4265
e 53 123 3413
e 100 124 1795
e 114 125 696
e 53 126 2532
e 10 127 475
e 121 128 2374
e 86 129 6703
e 17 130 1943
e 129 131 7720
e 119 132 9945
e 95 133 3432
e 49 134 4767
e 82 135 2822
e 6 136 8845
e 18 137 2769
e 39 138 8678
e 35 139 9096
e 86 140 2664
e 68 141 5986
e 89 142 3843
e 105 143 8204
e 134 144 9219
e 55 145 5774
e 30 146 4149
e 110 147 8267
e 76 148 5963
e 113 149 7060
e 27 150 9846
e 62 151 9349
e 101 152 2476
e 120 153 6328
e 130 154 8235
e 122 155 4633
e 101 156 8645
e 36 157 206
e 105 158 5477
e 80 159 7667
e 15 160 9063
e 42 161 7305
e 112 162 1575
e 124 163 9966
e 137 164 4290
e 17 165 3795
e 37 166 6585
e 7 167 811
e 9 168 727
e 72 169 9645
e 125 170 2241
e 53 171 8290
e 66 172 6696
e 126 173 9989
e 148 174 4831
e 137 175 1824
e 1 176 6786
e 6 177 2270
e 6 178 3454
e 23 179 6174
e 110 180 5485
e 58 181 6417
e 53 182 6579
e 143 183 7755
e 37 184 3380
e 165 185 64
e 21 186 3843
e 24 187 1996
e 110 188 530
e 23 189 1485
e 26 190 2001
e 5 191 3137
e 99 192 260
e 62 193 6370
e 72 194 1381
e 121 195 9692
e 66 196 3533
e 3 197 4831
e 182 198 7205
e 52 199 1671
e 184 200 4902
e 15 201 6993
e 42 202 5767
e 91 203 4924
e 166 204 563
e 194 205 4505
e 109 206 7390
e 100 207 5033
e 50 208 5570
e 33 209 3227
e 31 210 8684
e 38 211 9953
e 135 212 5066
e 129 213 7894
e 166 214 6048
e 107 215 7220
e 151 216 9496
e 197 217 479
e 145 218 5699
e 161 219 3736
e 52 220 2749
e 188 221 2574
e 208 222 7728
e 16 223 9448
e 219 224 439
e 206 225 6314
e 206 226 24
e 119 227 2455
e 148 228 4203
e 53 229 20
e 136 230 5152
e 181 231 9422
e 174 232 8588
e 189 233 114
e 198 234 7590
e 198 235 9242
e 209 236 2007
e 169 237 5277
e 118 238 4613
e 159 239 5736
e 91 240 1951
e 214 241 827
e 166 242 1895
e 183 243 7277
e 227 244 9610
e 193 245 7886
e 97 246 3915
e 44 247 4947
e 64 248 3074
e 150 249 1746
e 113 250 2958
e 32 251 3914
e 28 252 2823
e 185 253 4492
e 91 254 5821
e 216 255 7473
e 182 256 2762
e 54 257 3216
e 179 258 763
e 189 259 3370
e 189 260 2595
e 191 261 737
e 110 262 3753
e 35 263 7405
e 252 264 5302
e 263 265 5799
e 76 266 1373
e 117 267 2727
e 13 268 7096
e 227 269 88
e 192 270 3177
e 43 271 1443
e 132 272 7793
e 24 273 2276
e 91 274 3090
e 253 275 5184
e 155 276 6786
e 218 277 5991
e 277 278 1748
e 121 279 9404
e 234 280 1127
e 239 281 5990
e 86 282 4964
e 96 283 3477
e 134 284 9943
e 180 285 9117
e 28 286 2307
e 240 287 6935
e 242 288 1430
e 23 289 6807
e 39 290 6481
e 106 291 5366
e 193 292 323
e 197 293 7332
e 2 294 884
e 104 295 288
e 13 296 7854
e 163 297 3025
e 204 298 4212
e 171 299 1584
e 235 300 4383
e 219 301 2765
e 82 302 1070
e 188 303 8987
e 45 304 4783
e 69 305 3734
e 33 306 3612
e 138 307 4255
e 26 308 7139
e 281 309 8370
e 32 310 7914
e 107 311 7633
e 34 312 9859
e 261 313 4820
e 102 314 6385
e 244 315 1632
e 216 316 4984
e 271 317 1732
e 2 318 3157
e 243 319 4499
e 188 320 7657
e 297 321 7436
e 210 322 1132
e 47 323 2170
e 167 324 4008
e 58 325 3027
e 249 326 5013
e 70 327 8129
e 1 328 1341
e 175 329 9112
e 171 330 6228
e 62 331 1187
e 116 332 7515
e 45 333 6307
e 20 334 9620
e 150 335 7075
e 104 336 9776
e 182 337 5195
e 131 338 1950
e 338 339 2195
e 129 340 389
e 86 341 4124
e 220 342 8715
e 93 343 4032
e 274 344 6675
e 15 345 9337
e 128 346 9907
e 261 347 9867
e 124 348 7520
e 112 349 5242
e 109 350 3760
e 36 351 5126
e 336 352 2620
e 252 353 2393
e 125 354 6189
e 80 355 3876
e 61 356 2429
e 36 357 2481
e 31 358 7714
e 35 359 5421
e 342 360 9855
e 280 361 6708
e 52 362 1758
e 103 363 2721
e 30 364 4413
e 247 365 9789
e 17 366 930
e 338 367 9305
e 126 368 8823
e 75 369 5302
e 235 370 9804
e 16 371 7298
e 195 372 7603
e 87 373 5294
e 6 374 413
e 129 375 7663
e 102 376 3176
e 193 377 6506
e 334 378 8989
e 40 379 9598
e 208 380 4333
e 154 381 2142
e 180 382 1289
e 159 383 4821
e 201 384 8786
e 264 385 3916
e 138 386 5449
e 69 387 2338
e 167 388 6814
e 366 389 3659
e 98 390 5156
e 222 391 1629
e 333 392 5484
e 95 393 5165
e 307 394 1969
e 11 395 7840
e 142 396 5056
e 259 397 4024
e 122 398 4413
e 341 399 7904
e 160 400 4843
e 377 401 3608
e 272 402 1600
e 336 403 8072
e 319 404 7775
e 368 405 9804
e 5 406 5461
e 268 407 1411
e 88 408 4214
e 285 409 1526
e 192 410 755
e 349 411 4354
e 25 412 9772
e 107 413 7077
e 16 414 5
e 308 415 7385
e 325 416 2662
e 174 417 2261
e 89 418 863
e 290 419 5203
e 375 420 323
e 347 421 9800
e 22 422 5881
e 210 423 6669
e 140 424 390
e 265 425 8633
e 422 426 6695
e 40 427 2815
e 403 428 7781
e 331 429 5164
e 122 430 42
e 270 431 8374
e 356 432 3518
e 73 433 9655
e 267 434 2709
e 120 435 5387
e 182 436 4867
e 343 437 642
e 204 438 4683
e 184 439 5923
e 13 440 9022
e 411 441 8165
e 18 442 6852
e 76 443 5701
e 38 444 3374
e 361 445 7859
e 193 446 8632
e 243 447 5690
e 324 448 9399
e 89 449 5857
e 252 450 417
e 185 451 6769
e 147 452 8213
e 344 453 830
e 153 454 4756
e 434 455 6529
e 124 456 765
e 405 457 9894
e 395 458 2134
e 415 459 2546
e 51 460 8743
e 285 461 3577
e 133 462 6082
e 254 463 8244
e 158 464 8270
e 401 465 3996
e 432 466 5721
e 451 467 8372
e 368 468 1363
e 453 469 8956
e 442 470 2564
e 28 471 2352
e 144 472 8450
e 36 473 1985
e 331 474 1578
e 390 475 8942
e 136 476 115
e 383 477 1908
e 391 478 6961
e 328 479 180
e 148 480 2346
e 467 481 1564
e 334 482 9447
e 379 483 8672
e 210 484 6022
e 26 485 8674
e 71 486 8412
e 184 487 4393
e 55 488 1477
e 325 489 3578
e 258 490 5465
e 17 491 5084
e 141 492 8513
e 290 493 7991
e 299 494 9210
e 384 495 4794
e 206 496 1593
e 451 497 4312
e 265 498 724
e 129 499 300
e 320 500 8674
e 78 301 5495
e 40 343 8156
e 405 491 1059
e 168 313 5149
e 101 171 9962
e 148 207 9963
e 340 342 7414
e 52 347 3122
e 439 479 4676
e 447 464 4624
e 226 241 6233
e 14 147 4204
e 8 57 5061
e 462 463 5738
e 287 454 8166
e 15 447 1963
e 95 438 4382
e 347 487 8579
e 141 455 1053
e 2 268 4392
e 382 465 8421
e 60 494 7691
e 132 183 5964
e 116 157 8485
e 413 439 3257
e 327 434 7068
e 218 409 8229
e 293 455 5008
e 69 371 2046
e 14 484 3295
e 66 254 6459
e 186 212 5216
e 29 209 3584
e 139 451 5180
e 77 102 989
e 376 459 86
e 238 388 9252
e 104 476 1780
e 174 237 3452
e 47 194 8163
e 147 481 1879
e 77 105 1229
e 157 240 1935
e 285 411 2803
e 202 348 2368
e 65 318 8484
e 94 261 8591
e 89 347 56
e 222 265 8869
e 114 254 4380
e 280 291 198
e 51 190 9412
e 137 473 1847
e 44 139 8107
e 79 408 2205
e 67 183 6430
e 53 399 7115
e 16 376 8802
e 52 328 3470
e 327 368 7242
e 223 471 9425
e 12 248 9693
e 185 356 7573
e 237 438 157
e 82 344 219
e 165 249 6113
e 61 418 3044
e 130 230 5293
e 141 214 454
e 169 217 6118
e 124 287 627
e 193 221 5402
e 155 424 8995
e 7 101 4309
e 139 186 1881
e 433 493 9809
e 233 452 5627
e 195 367 1405
e 50 267 654
e 139 278 8920
e 20 301 2615
e 330 365 9745
e 289 360 7952
e 148 314 8687
e 304 395 6217
e 190 335 4728
e 100 152 2357
e 66 414 4832
e 101 408 1150
e 82 375 915
e 139 500 797
e 276 400 9521
e 344 348 6458
e 161 340 8175
e 21 255 5972
e 187 188 7189
e 199 411 6120
e 19 426 1110
e 15 161 9489
e 208 426 5524
e 362 378 7718
e 88 425 8577
e 73 336 7186
e 78 160 1380
e 257 294 7198
e 84 419 6115
e 86 440 8541
e 426 493 6522
e 300 431 7458
e 130 229 74
e 106 447 7729
e 62 270 5364
e 294 340 8292
e 48 69 5618
e 104 355 1665
e 12 411 32
e 380 498 4553
e 76 122 6733
e 3 78 4152
e 202 447 6291
e 144 301 3978
e 59 152 2862
e 170 215 6882
e 106 210 6135
e 11 80 547
e 97 444 2198
e 80 100 5990
e 130 484 397
e 106 216 8763
e 16 338 2026
e 181 228 635
e 209 221 6484
e 60 250 2134
e 330 466 2806
e 319 380 5858
e 142 361 499
e 128 418 6797
e 76 347 9769
e 260 269 8540
e 152 204 1247
e 102 464 2002
e 262 453 4128
e 202 329 9001
e 23 389 3003
e 150 497 9283
e 142 216 9327
e 388 419 9992
e 21 406 266
e 226 315 4271
e 82 377 1131
e 24 418 7387
e 119 394 3282
e 263 466 8880
e 261 422 9105
e 50 397 6918
e 137 297 6205
e 207 272 7154
e 393 404 4116
e 35 308 7808
e 164 278 1759
e 104 292 7811
e 90 189 5117
e 177 187 2393
e 35 261 6629
e 28 307 8336
e 313 334 8066
e 480 481 6155
e 279 495 5961
e 328 395 9855
e 244 469 9131
e 169 374 3930
e 177 465 9053
e 11 215 8734
e 141 328 6119
e 309 352 3621
e 209 252 3727
e 96 190 9195
e 26 327 1421
e 195 484 7122
e 337 441 2785
e 306 322 2615
e 358 453 9961
e 99 457 8722
e 148 230 4980
e 139 237 614
e 49 147 1551
e 175 399 9352
e 263 419 4197
e 155 294 7088
e 223 284 1356
e 292 434 1129
e 244 252 3723
e 28 401 922
e 186 473 3987
e 11 146 1031
e 298 399 9307
e 71 384 7922
e 38 177 9127
e 149 364 8153
e 165 448 7792
e 178 489 3635
e 138 139 8890
e 81 116 9633
e 54 107 2515
e 16 134 205
e 304 488 3888
e 135 173 3069
e 113 231 8534
e 58 137 3655
e 171 386 8629
e 12 444 1283
e 3 396 1190
e 16 249 3000
e 241 386 4927
e 23 123 8159
e 62 407 924
e 348 489 3304
e 116 252 2076
e 281 424 3776
e 393 420 3035
e 90 445 8768
e 329 370 9644
e 74 406 3151
e 184 490 7058
e 111 281 7692
e 310 344 7525
e 221 381 8281
e 185 389 6642
e 230 267 8229
e 12 115 9504
e 257 350 409
e 150 263 7569
e 109 342 4188
e 125 399 7379
e 257 312 1606
e 131 253 4258
e 231 320 6300
e 11 20 4557
e 92 233 8552
e 340 478 7069
e 84 104 593
e 30 156 4246
e 129 372 7000
e 386 424 1898
e 106 123 2593
e 14 98 1050
e 229 499 8528
e 281 313 4146
e 256 390 7089
e 319 464 1922
e 68 493 3242
e 165 435 9511
e 358 494 6801
e 55 88 8780
e 73 210 3073
e 181 315 4602
e 71 117 876
e 35 275 220
e 210 374 5539
e 82 472 1284
e 148 482 9142
e 92 454 18
e 122 442 8972
e 135 439 8418
e 242 466 8739
e 429 484 7456
e 325 488 275
e 6 417 1426
e 245 336 9217
e 169 415 6954
e 230 271 4602
e 269 436 7307
e 148 425 2342
e 214 476 5982
e 336 381 5816
e 296 460 8186
e 198 296 4535
e 93 462 9287
e 127 216 7996
e 9 357 3244
e 8 113 4296
e 115 344 2068
e 379 385 1376
e 41 375 4600
e 95 313 4192
e 301 399 647
e 140 189 4051
e 8 52 3474
e 12 242 5986
e 198 468 9563
e 250 445 7879
e 166 447 6137
e 78 132 1601
e 141 483 4292
e 433 490 9381
e 45 181 3842
e 43 74 387
e 349 452 2569
e 294 322 9235
e 228 430 4785
e 450 464 6404
e 37 62 2178
e 132 381 3627
e 8 443 5805
e 137 273 3168
e 27 306 9675
e 360 389 4659
e 129 487 1924
e 13 109 5490
e 12 170 341
e 23 353 2413
e 354 472 7260
e 224 372 2476
e 143 192 9073
e 213 395 6930
e 172 482 2561
e 227 407 5851
e 85 480 9683
e 204 480 3260
e 34 424 8865
e 125 242 3104
e 349 420 8248
e 155 234 627
e 379 402 6186
e 328 342 8141
e 21 251 7846
e 59 306 4649
e 22 321 9453
e 235 244 6816
e 34 332 9220
e 54 457 9454
e 66 70 1381
e 118 362 3238
e 389 431 4997
e 137 421 3044
e 19 412 4226
e 174 195 8202
e 148 244 6734
e 415 448 4211
e 161 317 6781
e 30 233 7144
e 346 468 1231
e 192 194 8820
e 4 317 5486
e 182 251 1683
e 78 278 436
e 64 253 6634
e 74 497 6106
e 6 181 5172
e 385 441 4961
e 25 130 4121
e 249 284 5230
e 270 465 7648
e 45 388 6654
e 86 160 2480
e 337 385 1451
e 66 419 9102
e 145 157 5685
e 281 335 561
e 228 344 2677
e 319 325 6029
e 410 489 6422
e 99 308 3815
e 79 178 5448
e 389 446 7545
e 133 159 9939
e 440 456 2734
e 378 431 4128
e 257 476 1014
e 203 440 6877
e 326 368 9183
e 331 366 1628
e 236 492 4647
e 120 391 862
e 49 202 193
e 13 105 2381
e 88 252 6005
e 257 487 2784
e 109 389 1744
e 68 475 4104
e 222 263 1210
e 12 127 1350
e 249 446 854
e 196 358 4094
e 191 450 1755
e 104 288 7766
e 55 204 3124
e 160 454 6514
e 202 302 9448
e 65 268 6392
e 187 351 6066
e 23 111 7263
e 80 107 1817
e 237 418 7982
e 344 434 2111
e 173 232 9243
e 100 361 1912
e 189 210 4873
e 8 342 6188
e 159 489 2602
e 54 269 864
e 135 452 4706
e 301 310 2966
e 274 427 4961
e 295 344 8782
e 66 69 8421
e 29 327 4978
e 307 495 7219
e 98 497 8327
e 163 316 4322
e 10 135 7774
e 54 236 11
e 14 362 745
e 152 318 1995
e 108 257 2131
e 174 394 2534
e 1 461 6638
e 132 212 7525
e 13 194 8606
e 90 201 1440
e 134 253 1237
e 337 367 4003
e 435 449 1820
e 438 447 9414
e 325 392 5932
e 4 307 4635
e 228 470 6519
e 372 431 2986
e 46 262 8392
e 285 333 9073
e 104 319 1853
e 20 277 3110
e 131 273 2903
e 185 494 1621
e 316 492 3039
e 278 478 1590
e 274 354 7923
e 334 495 9145
e 126 380 211
e 264 331 8095
e 121 171 7807
e 266 436 4882
e 211 458 8247
e 19 203 1352
e 136 424 5499
e 4 458 2702
e 270 320 1687
e 11 96 609
e 58 87 43
e 90 465 6555
e 13 82 7301
e 303 491 1375
e 46 458 9173
e 17 478 9569
e 43 496 1207
e 308 329 8245
e 120 279 288
e 154 266 789
e 110 185 1322
e 34 225 1528
e 147 385 5176
e 432 448 5434
e 273 324 2508
e 5 171 7086
e 472 476 6321
e 68 98 9301
e 18 221 845
e 116 431 703
e 140 267 9982
e 299 384 8301
e 19 402 6683
e 355 375 1627
e 14 134 6104
e 245 481 4738
e 47 495 123
e 197 316 2664
e 187 221 8449
e 273 306 9151
e 97 435 186
e 206 268 9762
e 183 405 8305
e 33 472 6666
e 119 410 1519
e 228 239 9843
e 321 342 5674
e 124 172 5440
e 428 437 5101
e 229 359 3699
e 176 350 3520
e 131 304 5016
e 115 176 428
e 231 340 2456
e 197 354 262
e 66 385 4840
e 454 488 932
e 20 204 9931
e 132 322 4966
e 437 475 2379
e 39 128 7993
e 152 160 4930
e 40 192 5081
e 378 414 7209
e 398 452 9608
e 248 288 1756
e 179 401 3141
e 196 366 8960
e 83 87 407
e 241 442 2689
e 8 479 4060
e 254 375 6059
e 20 127 4644
e 91 94 3639
e 116 211 126
e 63 417 3905
e 171 453 9851
e 295 400 6909
e 84 299 3247
e 45 251 546
e 123 217 3514
e 49 347 7379
e 242 405 4800
e 319 384 3526
e 297 298 7596
e 246 293 9001
e 74 415 8041
e 13 339 9156
e 297 357 1648
e 283 493 1469
e 251 384 4517
e 52 456 3534
e 332 350 1359
e 79 277 3539
e 159 415 4941
e 43 255 6252
e 280 322 90
e 136 394 1434
e 322 455 3532
e 28 356 307
e 95 319 7706
e 222 416 1363
e 108 401 3062
e 52 360 9398
e 219 476 9449
e 30 170 8589
e 54 133 531
e 168 444 9769
e 452 479 9021
e 21 105 247
e 187 377 7785
e 74 465 1471
e 173 272 4113
e 99 222 7642
e 75 141 8179
e 82 351 5875
e 64 138 1760
e 279 448 7501
e 90 287 821
e 194 328 5895
e 42 412 99
e 108 345 6143
e 89 372 9406
e 211 453 2131
e 164 242 4230
e 24 324 646
e 108 357 4811
e 63 388 2256
e 390 451 101
e 33 54 3453
e 161 424 9496
e 10 303 3508
e 55 277 8517
e 58 479 2138
e 419 499 3198
e 380 403 4622
e 287 482 7703
e 278 329 6214
e 320 427 2681
e 322 390 2666
e 48 49 8436
e 112 290 4009
e 338 402 1148
e 177 426 4311
e 202 345 1092
e 211 423 8512
e 353 474 8375
e 62 414 5665
e 262 500 8324
e 123 133 9473
e 28 263 3372
e 97 134 8500
e 284 424 3817
e 90 443 8591
e 133 193 7144
e 240 371 1189
e 67 469 8725
e 124 484 9722
e 129 426 1422
e 166 300 1781
e 184 337 5264
e 376 396 4268
e 119 499 6949
e 306 483 4141
e 182 407 8142
e 2 478 4766
e 265 415 7474
e 160 165 4493
e 9 101 2876
e 360 484 9517
e 75 237 3569
e 150 472 6770
e 295 300 2244
e 382 464 6943
e 189 291 2789
e 99 254 3903
e 124 370 5241
e 210 251 977
e 289 318 7478
e 119 430 9391
e 211 348 9081
e 261 475 7126
e 108 316 5588
e 326 347 9918
e 195 475 796
e 181 337 792
e 57 258 722
e 74 223 2701
e 10 474 5380
e 195 206 2363
e 34 391 2139
e 138 373 872
e 277 388 587
e 239 282 7919
e 190 448 3094
e 345 453 2727
e 162 183 9549
e 324 486 8200
e 136 500 6783
e 91 358 2383
e 278 348 5031
e 14 211 1898
e 209 216 6064
e 72 486 3181
e 1 138 2749
e 191 212 3175
e 298 484 5182
e 227 303 8267
e 167 395 3385
e 137 463 9128
e 103 267 4134
e 456 460 5443
e 145 409 7791
e 137 318 8276
e 146 280 1357
e 12 56 8067
e 81 335 2602
e 162 475 7903
e 307 338 1239
e 45 220 8739
e 330 405 31
e 144 381 5703
e 20 226 4651
e 200 327 104
e 194 378 2193
e 181 264 6958
e 206 227 8536
e 50 107 5346
e 281 383 6957
e 59 232 1391
e 99 193 1684
e 23 173 9652
e 2 232 4709
e 307 471 7838
e 408 412 3648
e 208 238 3707
e 154 439 8824
e 134 464 3399
e 65 363 9272
e 205 377 1100
e 67 368 5269
e 87 287 7276
e 25 271 8785
e 201 346 7818
e 284 341 357
e 203 414 4792
e 44 450 2769
e 50 55 4591
e 96 248 5517
e 102 170 5885
e 213 333 9258
e 47 106 6911
e 225 318 7037
e 136 255 1585
e 229 448 1903
e 275 366 1948
e 109 318 5386
e 108 143 6599
e 60 442 6648
e 264 311 7259
e 50 122 289
e 205 218 8295
e 17 390 7047
e 73 120 601
e 70 469 3574
e 4 108 658
e 23 228 3676
e 14 459 1592
e 162 295 5141
e 152 349 9306
e 108 218 8214
e 216 470 7953
e 28 76 7604
e 159 212 4965
e 104 249 8039
e 256 344 269
e 160 195 3835
e 172 256 5243
e 197 219 9876
e 23 408 8995
e 43 307 7968
e 318 393 3797
e 258 485 4608
e 5 429 7609
e 156 439 6997
e 148 376 78
e 56 490 8330
e 109 163 7121
e 175 460 5891
e 186 369 8443
e 405 439 2176
e 334 476 5651
e 64 97 6628
e 57 272 3676
e 222 326 3910
e 192 345 2703
e 19 239 8849
e 129 197 5707
e 218 486 7913
e 221 467 5182
e 105 171 8739
e 405 485 437
e 88 249 9773
e 114 475 341
e 208 304 7018
e 33 372 9883
e 107 383 9942
e 325 477 881
e 301 412 2965
e 249 403 2769
e 45 349 9663
e 9 304 3194
e 258 410 2681
e 121 274 6019
e 173 254 9948
e 24 368 4864
e 87 421 2946
e 54 391 8580
e 15 473 6370
e 393 468 9681
e 83 262 7707
e 82 261 2440
e 165 451 9072
e 62 303 1351
e 56 160 8086
e 211 497 7358
e 72 469 4506
e 398 484 8817
e 131 172 2316
e 480 488 8082
e 72 412 722
e 16 180 3959
e 34 466 9564
e 101 177 1174
e 319 455 343
e 311 409 6000
e 21 482 2388
e 55 479 7708
e 58 132 8881
e 331 439 7254
e 59 201 6058
e 246 283 8349
e 80 156 2270
e 134 430 1405
e 430 436 392
e 170 470 177
e 98 169 2484
e 232 467 381
e 3 198 3896
e 61 83 6751
e 155 447 117
e 363 389 92
e 143 205 8694
e 264 438 6191
e 282 448 8269
e 143 362 688
e 159 465 4922
e 229 249 9623
e 23 38 8094
e 254 307 5883
e 149 458 5896
e 173 293 5095
e 265 383 9863
e 88 324 3354
e 293 346 591
e 6 270 2987
e 19 242 5394
e 130 291 2061
e 139 142 8218
e 12 494 3019
e 44 499 5565
e 95 272 3866
e 80 332 2896
e 36 41 9649
e 85 103 5017
e 134 433 5155
e 70 268 1578
e 292 400 3371
e 247 297 4837
e 276 446 3669
e 9 24 2870
e 216 428 3734
e 51 245 8139
e 94 223 4301
e 449 478 6653
e 243 297 6882
e 369 403 7915
e 148 393 8783
e 340 352 7263
e 299 324 717
e 177 191 158
e 55 427 2141
e 145 378 7684
e 127 349 5087
e 389 427 7944
e 119 444 3881
e 391 474 7532
e 11 22 6072
e 118 206 3358
e 369 497 7285
e 54 294 1035
e 285 406 6257
e 40 457 9016
e 4 7 432
e 15 241 8560
e 283 336 8348
e 66 455 3179
e 308 346 2389
e 83 138 4780
e 48 327 5036
e 72 388 9559
e 127 352 9636
e 239 298 7769
e 287 457 2459
e 269 363 1111
e 239 403 26
e 16 266 842
e 162 453 7800
e 51 417 7409
e 213 263 6674
e 132 468 6534
e 139 319 6198
e 127 208 5809
e 215 338 5878
e 310 424 2300
e 366 436 3161
e 332 425 4795
e 3 199 8545
e 399 463 2192
e 399 487 7517
e 287 343 7315
e 106 324 2285
e 51 306 554
e 59 447 7254
e 304 415 2609
e 2 343 6096
e 126 296 435
e 276 367 9329
e 320 412 8900
e 6 426 1590
e 19 189 8393
e 42 92 9029
e 97 405 2527
e 63 294 4656
e 78 208 3662
e 175 453 70
e 61 144 277
e 97 156 4139
e 154 219 9043
e 51 118 8125
e 142 160 3441
e 415 477 6413
e 7 59 5066
e 168 484 588
e 4 231 1362
e 89 315 2855
e 9 175 9396
e 289 446 9467
e 74 225 7135
e 42 68 583
e 217 392 8607
e 119 130 4930
e 197 392 7915
e 226 479 2925
e 27 426 9260
e 323 446 8440
e 138 438 7073
e 22 204 7008
e 278 367 327
e 215 347 3264
e 316 403 3013
e 162 463 9660
e 86 489 9397
e 265 327 1006
e 2 286 1150
e 210 437 9821
e 170 389 2828
e 2 57 4422
e 114 388 6042
e 183 499 1968
e 392 400 5622
e 17 44 2809
e 136 227 6810
e 103 283 9250
e 54 419 3407
e 104 377 6792
e 128 347 379
e 61 155 4843
e 160 470 7944
e 171 220 6079
e 308 393 7566
e 204 473 2501
e 180 236 3628
e 112 493 6972
e 21 203 3611
e 454 460 933
e 89 93 4319
e 48 342 6239
e 34 428 9255
e 118 134 2976
e 322 400 5240
e 141 386 530
e 337 402 1960
e 99 128 3589
e 445 487 5993
e 353 358 9466
e 276 499 1298
e 5 139 9463
e 51 409 9493
e 22 159 1802
e 59 388 5917
e 305 385 9695
e 105 452 7050
e 285 384 1823
e 174 363 3480
e 315 393 5081
e 384 497 6748
e 14 428 7219
e 444 487 6119
e 3 484 6743
e 72 387 5883
e 353 477 7779
e 211 367 304
e 222 497 308
e 172 363 6330
e 260 300 3811
e 30 306 916
e 74 428 7566
e 88 147 2126
e 186 391 1179
e 375 459 5374
e 4 348 564
e 73 475 1641
e 172 362 3687
e 385 437 1771
e 338 489 8224
e 75 314 1694
e 105 357 6464
e 33 440 5837
e 82 222 2601
e 223 411 586
e 212 333 9633
e 44 402 2137
e 277 427 3968
e 157 204 9398
e 196 334 3354
e 61 402 8411
e 24 330 2404
e 344 441 5000
e 171 178 4172
e 168 308 5135
e 220 378 3172
e 214 443 9980
e 101 257 4978
e 17 442 1980
e 28 31 6151
e 50 108 5855
e 19 339 3396
e 170 213 7983
e 313 367 7402
e 112 157 5410
e 166 467 7820
e 126 429 8686
e 314 430 6613
e 212 459 8683
e 92 246 979
e 28 413 5950
e 154 170 3067
e 426 462 1553
e 278 453 9962
e 405 468 8343
e 118 410 9999
e 98 453 6249
e 161 215 1888
e 212 312 2675
e 247 293 687
e 230 489 8490
e 145 297 5238
e 272 345 4242
e 6 285 3330
e 9 110 2097
e 239 353 9358
e 221 472 9967
e 128 278 2649
e 31 80 2506
e 107 165 4846
e 258 407 6526
e 372 469 8567
e 122 474 5988
e 150 221 4655
e 408 449 2195
e 179 271 3071
e 55 201 8390
e 78 212 1133
e 228 452 4498
e 75 297 6041
e 317 330 319
e 80 387 4597
e 116 152 5479
e 17 75 8206
e 206 256 5546
e 13 469 912
e 228 429 7951
e 329 459 9435
e 106 155 9738
e 284 452 1622
e 132 389 9411
e 205 267 9527
e 241 380 9374
e 115 377 6418
e 375 461 5952
e 51 105 2216
e 55 112 5974
e 199 307 7556
e 119 239 1813
e 120 164 8660
e 467 475 8386
e 433 487 9337
e 90 480 4906
e 190 438 4591
e 198 286 4693
e 185 397 3980
e 37 482 1725
e 106 177 1206
e 146 266 9875
e 332 453 1441
e 148 442 6539
e 62 145 5223
e 91 176 6822
e 5 250 4406
e 441 449 3229
e 6 488 3655
e 209 309 7864
e 224 251 149
e 16 65 547
e 103 234 9480
e 174 248 8206
e 61 228 5691
e 188 350 7820
e 68 486 6609
e 243 431 2027
e 276 360 7990
e 95 308 5778
e 282 479 3797
e 52 114 4844
e 172 446 9929
e 275 430 2730
e 146 254 7258
e 202 313 4701
e 203 412 9314
e 277 292 1720
e 222 361 3173
e 180 443 4986
e 164 219 3408
e 273 361 197
e 12 488 3877
e 84 139 3688
e 165 270 6255
e 60 458 2531
e 162 178 2997
e 107 432 2239
e 130 241 9541
e 185 468 9075
e 20 302 6809
e 27 109 6106
e 142 296 8467
e 163 200 6174
e 438 486 1071
e 263 488 4479
e 108 162 215
e 44 82 7403
e 135 445 2430
e 199 267 865
e 127 444 2101
e 1 459 4688
e 324 440 6846
e 168 232 7599
e 137 242 8158
e 53 302 7087
e 28 374 2487
e 243 311 1376
e 58 454 38
e 22 104 9165
e 298 312 8499
e 277 461 3283
e 16 482 8147
e 88 364 8515
e 287 303 4602
e 94 97 3132
e 289 467 3118
e 270 440 1196
e 98 252 3384
e 177 382 7189
e 216 281 1468
e 301 391 3983
e 432 491 2371
e 118 152 1323
e 116 427 8776
e 335 456 375
e 176 395 871
e 87 394 1225
e 130 319 1111
e 329 408 9933
e 123 270 9574
e 28 32 8978
e 160 472 4936
e 26 191 9155
e 145 402 5611
e 34 445 4702
e 283 499 7392
e 416 438 7089
e 323 342 400
e 28 220 1160
e 85 136 1128
e 290 345 8957
e 211 356 5755
e 161 466 1995
e 258 500 6690
e 152 431 1198
e 197 314 4660
e 12 160 7637
e 5 365 2173
e 25 55 2523
e 85 459 9158
e 33 247 2408
e 268 458 2828
e 52 329 2853
e 276 343 1053
e 36 399 1289
e 213 373 5038
e 209 455 7169
e 285 311 2919
e 74 249 7680
e 91 480 2712
e 369 487 6781
e 257 343 5558
e 460 463 4479
e 54 337 9543
e 1 313 4518
e 85 415 9062
e 117 389 4578
e 8 485 3867
e 144 295 1023
e 136 448 8751
e 141 487 4090
e 349 395 36
e 346 497 5204
e 324 357 9909
e 398 400 6660
e 177 407 5500
e 275 312 9276
e 102 491 9479
e 2 377 4201
e 259 338 9471
e 140 266 340
e 349 450 6904
e 214 296 7132
e 67 218 2152
e 319 424 7833
e 73 432 1577
e 226 395 4575
e 199 243 1839
e 159 413 1074
e 181 255 9964
e 396 476 9216
e 14 55 7574
e 30 87 4147
e 241 435 3520
e 166 403 3457
e 321 347 596
e 190 479 174
e 359 399 9789
e 272 299 9843
e 29 51 7154
e 60 165 8346
e 232 438 5487
e 10 331 7267
e 52 471 8822
e 239 414 9576
e 52 172 2067
e 4 112 7211
e 7 423 7854
e 49 316 1386
e 268 462 6971
e 34 409 549
e 325 433 4598
e 1 272 7745
e 61 191 6725
e 7 453 7655
e 158 429 8210
e 300 413 3311
e 235 428 4457
e 5 22 417
e 117 265 8265
e 173 476 1264
e 128 490 7994
e 153 237 5660
e 54 492 4290
e 38 378 7365
e 46 235 8877
e 355 362 302
e 299 303 9369
e 255 288 4487
e 414 469 1172
e 181 367 1377
e 354 456 533
e 21 426 861
e 241 443 7529
e 99 339 6913
e 231 261 2567
e 42 273 3761
e 342 426 7433
e 168 394 5432
e 132 346 1034
e 347 378 1215
e 202 425 7649
e 306 410 544
e 268 336 5830
e 107 251 430
e 7 247 5668
e 22 221 1772
e 228 257 388
e 429 480 7408
e 336 406 7088
e 279 317 2142
e 12 498 9140
e 181 415 746
e 40 160 9830
e 203 375 8048
e 314 472 690
e 59 82 4340
e 166 251 7360
e 272 341 6451
e 5 357 3528
e 75 267 7164
e 66 249 962
e 70 231 5270
e 90 481 6512
e 183 454 1329
e 74 343 5214
e 5 306 6626
e 122 260 561
e 186 376 3442
e 2 290 7253
e 136 487 9414
e 84 268 4300
e 431 495 5394
e 317 365 389
e 220 448 7014
e 230 442 7513
e 235 379 3804
e 37 380 821
e 310 372 7466
e 153 184 225
e 322 376 428
e 159 214 9974
e 234 267 2593
e 88 406 5093
e 115 201 1591
e 88 459 7346
e 123 488 6997
e 126 268 2059
e 124 270 7624
e 136 150 8595
e 456 462 7650
e 247 320 7769
e 219 274 9760
e 47 417 2625
e 7 489 6348
e 179 385 2166
e 42 89 4924
e 164 265 1131
e 128 391 2900
e 193 420 278
e 324 391 2244
e 195 253 3664
e 329 360 1435
e 238 392 6701
e 332 480 7504
e 218 434 3214
e 124 440 3224
e 73 362 553
e 157 499 2720
e 39 401 4520
e 32 492 4726
e 172 227 1234
e 39 474 3540
e 104 227 7339
e 128 382 6188
e 109 468 5140
e 110 114 884
e 14 182 4634
e 4 110 1920
e 409 466 1541
e 329 440 832
e 282 466 8450
e 2 109 7783
e 166 190 1760
e 240 419 7125
e 29 239 1535
e 152 319 2922
e 117 315 1368
e 356 496 2121
e 338 414 3998
e 303 471 3860
e 82 156 260
e 63 336 7633
e 241 408 3839
e 18 190 2017
e 291 451 6977
e 76 379 1575
e 346 387 6968
e 256 257 2986
e 88 102 4783
e 202 471 9244
e 35 285 9422
e 68 448 529
e 277 296 4583
e 197 434 1892
e 9 215 363
e 78 451 6862
e 34 430 2910
e 273 420 2305
e 54 409 1475
e 86 422 7918
e 443 470 2911
e 247 347 7657
e 146 292 1086
e 258 483 7150
e 286 385 9537
e 98 466 4584
e 138 330 9569
e 221 285 5483
e 79 89 3881
e 244 358 9658
e 16 199 5177
e 447 480 6664
e 216 294 9879
e 101 326 2849
e 205 266 5342
e 82 209 2956
e 159 276 2871
e 416 495 7733
e 2 321 7579
e 97 104 7824
e 206 294 4767
e 305 321 5907
e 288 296 1095
e 154 167 3043
e 107 317 8483
e 76 330 9515
e 157 412 9840
e 160 463 2000
e 267 367 7167
e 128 192 5899
e 371 442 7293
e 397 467 7669
e 286 308 3315
e 126 195 712
e 92 215 1784
e 194 195 5913
e 62 197 5733
e 233 293 6201
e 113 147 8198
e 37 288 3294
e 114 357 6111
e 263 349 2079
e 225 479 3911
e 58 364 7115
e 116 310 9964
e 387 407 7092
e 199 459 3176
e 247 312 7449
e 191 204 3292
e 33 337 7537
e 135 149 8603
e 129 405 4722
e 467 495 4231
e 219 259 902
e 236 389 6781
e 128 389 9321
e 189 264 2020
e 477 486 9193
e 52 194 9833
e 145 375 1076
e 192 413 3009
e 308 408 477
e 23 256 8941
e 263 284 224
e 81 262 8175
e 171 235 2890
e 65 399 7194
e 213 289 4190
e 154 343 5960
e 33 365 7952
e 253 288 9712
e 333 412 1613
e 71 83 3916
e 113 197 867
e 258 335 4631
e 44 56 9621
e 422 499 7773
e 413 437 6762
e 190 451 2926
e 296 490 9709
e 150 385 3767
e 482 493 1380
e 316 400 1096
e 262 329 7414
e 163 244 9883
e 237 259 1131
e 155 246 6953
e 178 341 907
e 380 492 1984
e 70 374 2513
e 16 38 7323
e 162 194 4936
e 32 336 7641
e 360 412 7445
e 7 231 3814
e 337 388 5923
e 245 406 9421
e 293 309 4992
e 19 333 9492
e 22 353 3061
e 431 433 4493
e 29 213 5723
e 89 250 127
e 36 494 6296
e 157 309 9227
e 30 88 7651
e 85 291 9068
e 26 427 6735
e 266 449 718
e 44 276 8173
e 182 382 7608
e 122 320 2318
e 119 137 1687
e 23 436 7356
e 254 270 9333
e 90 270 5038
e 339 409 3107
e 18 264 6329
e 286 359 6952
e 284 390 328
e 98 307 2742
e 292 442 140
e 156 334 2169
e 17 227 479
e 82 317 7883
e 35 206 4646
e 212 448 6925
e 34 407 3701
e 77 449 478
e 191 462 4781
e 235 465 5294
e 85 199 5301
e 283 415 457
e 134 325 9464
e 28 477 1495
e 318 487 5026
e 106 186 6926
e 243 452 5374
e 342 462 4646
e 210 280 2701
e 135 310 5460
e 15 188 1336
e 169 397 7527
e 265 325 1447
e 175 177 4198
e 210 275 6520
e 28 223 3159
e 213 452 6111
e 223 409 4675
e 73 329 7624
e 16 477 3772
e 21 347 5330
e 95 207 847
e 311 451 3660
e 427 432 2811
e 179 308 73
e 23 455 9577
e 271 429 658
e 163 382 8372
e 283 404 616
e 232 440 7388
e 382 436 4809
e 269 316 7938
e 2 134 2992
e 258 392 4878
e 352 382 7879
e 204 351 2948
e 245 292 2461
e 126 480 4183
e 114 405 6437
e 351 450 5792
e 104 293 9376
e 100 371 8689
e 180 383 6068
e 77 89 4344
e 127 372 628
e 67 142 9093
e 220 344 1241
e 272 407 6389
e 133 330 3020
e 20 399 4010
e 189 490 3936
e 74 332 7526
e 359 420 7920
e 133 157 7915
e 388 427 712
e 49 421 8511
e 191 495 7737
e 129 135 6384
e 230 387 4350
e 355 484 8879
e 81 136 2964
e 159 165 2684
e 25 356 6417
e 76 132 2744
e 269 420 4818
e 365 426 3316
e 256 299 9324
e 292 297 2656
e 174 294 465
e 16 188 7144
e 199 259 2468
e 91 368 5258
e 15 70 7782
e 64 410 3488
e 93 155 175
e 142 374 1424
e 120 250 864
e 302 495 1156
e 340 408 7713
e 185 215 8461
e 58 390 6021
e 29 131 1734
e 105 287 6177
e 51 344 3121
e 356 476 5965
e 146 374 2015
e 5 59 3553
e 12 58 4007
e 3 209 5620
e 54 340 8141
e 105 382 727
e 110 332 3610
e 250 348 280
e 108 196 9951
e 47 338 1091
e 78 226 6938
e 248 419 811
e 82 167 4616
e 184 442 2530
e 194 201 1336
e 166 463 5248
e 293 406 5999
e 33 41 7728
e 165 469 4578
e 60 233 868
e 198 378 574
e 92 163 819
e 310 385 3591
e 289 310 8958
e 309 497 90
e 147 206 5096
e 22 252 3532
e 19 106 260
e 10 300 5519
e 218 428 3379
e 74 94 8790
e 25 152 7236
e 265 443 9783
e 165 414 3492
e 246 278 8061
e 95 420 7928
e 252 283 9237
e 180 365 1606
e 398 423 3369
e 274 381 3143
e 26 63 466
e 240 258 6766
e 96 458 9962
e 21 61 4828
e 32 96 65
e 103 346 8842
e 184 421 9649
e 10 108 7459
e 176 482 3545
e 193 430 3681
e 25 241 6074
e 5 156 1474
e 461 493 9157
e 122 464 4336
e 264 286 3438
e 285 407 2724
e 81 457 6732
e 396 445 3269
e 157 227 3517
e 101 477 8058
e 124 381 5182
e 268 293 5493
e 65 280 9231
e 162 314 9369
e 349 362 16
e 182 440 6585
e 217 367 5918
e 178 200 6346
e 35 158 9914
e 45 71 1425
e 289 397 657
e 155 206 4321
e 66 266 4934
e 277 383 9551
e 54 177 2478
e 106 474 1845
e 40 479 7097
e 276 325 1325
e 156 275 5858
e 210 245 6265
e 58 439 8649
e 56 103 7
e 39 171 7326
e 12 344 1147
e 5 194 7086
e 343 398 5184
e 91 175 5871
e 40 469 2216
e 383 452 7966
e 371 372 273
e 227 337 5792
e 36 257 6781
e 111 488 4599
e 333 434 528
e 131 498 2945
e 135 500 8906
e 47 268 1577
e 265 337 1080
e 99 199 8908
e 68 107 4290
e 69 421 4438
e 194 315 5881
e 40 64 9333
e 18 138 6041
e 464 496 3734
e 205 322 245
e 123 278 5336
e 26 50 634
e 10 53 4656
e 131 306 2668
e 207 437 2391
e 25 98 828
e 50 73 4288
e 38 417 5375
e 97 484 1416
e 95 235 5824
e 54 235 869
e 447 449 3099
e 346 434 3710
e 425 473 2767
e 62 255 3086
e 199 448 9746
e 32 277 7844
e 390 467 5651
e 280 383 526
e 280 432 890
e 49 189 825
e 108 374 9130
e 174 251 2144
e 53 97 7173
e 170 443 4099
e 163 440 7417
e 165 362 1728
e 9 451 6921
e 59 386 9635
e 2 310 3148
e 54 319 6363
e 206 337 2182
e 81 310 3489
e 195 441 9327
e 116 255 9030
e 72 245 0
e 446 453 8903
e 80 94 3915
e 421 423 5942
e 449 497 286
e 343 417 5826
e 77 169 2856
e 145 493 9856
e 286 329 3480
e 171 470 2856
e 290 357 2026
e 305 445 1627
e 314 367 7338
e 244 391 5322
e 266 322 4260
e 5 98 4994
e 73 225 8606
e 9 202 6647
e 146 436 3524
e 65 134 4832
e 466 474 2337
e 68 320 3192
e 362 491 7104
e 137 232 9730
e 175 324 9296
e 328 367 6391
e 126 178 3828
e 92 245 601
e 70 485 6979
e 151 231 2178
e 55 473 341
e 74 264 3237
e 84 424 3017
e 318 348 2294
e 220 422 5830
e 120 282 8076
e 195 485 8890
e 201 347 4345
e 228 458 6570
e 114 427 8266
e 47 184 164
e 211 426 8799
e 157 176 4508
e 96 332 4856
e 175 497 6147
e 217 430 8045
e 42 462 8780
e 17 59 1584
e 334 339 9094
e 425 460 1992
e 196 299 4798
e 283 477 4221
e 20 419 3272
e 251 472 3480
e 93 156 3096
e 65 179 3557
e 319 343 1269
e 269 494 9838
e 223 357 923
e 237 264 2002
e 255 393 2347
e 225 346 8562
e 182 233 7384
e 82 149 879
e 181 457 4083
e 406 499 9931
e 47 212 6586
e 113 373 7549
e 218 464 1273
e 90 441 91
e 196 304 3403
e 102 364 525
e 196 262 95
e 104 195 408
e 60 258 6136
e 184 358 4706
e 349 367 4007
e 195 274 7995
e 216 268 9065
e 406 495 1422
e 233 463 6268
e 29 317 7926
e 432 483 294
e 228 318 1658
e 267 483 5102
e 239 336 2579
e 1 469 6011
e 8 335 1191
e 216 230 481
e 206 454 9147
e 14 19 9847
e 69 126 9133
e 78 218 8311
e 30 249 484
e 406 493 6139
e 151 405 5704
e 270 341 2338
e 275 298 7514
e 106 498 4471
e 26 449 1454
e 78 245 7159
e 293 311 4003
e 363 467 9644
e 74 122 5627
e 160 453 2697
e 406 492 3933
e 185 392 6217
e 219 324 1044
e 225 226 3387
e 257 391 2949
e 53 289 2220
e 175 427 9338
e 11 467 1822
e 314 348 8882
e 219 492 6131
e 305 308 2160
e 191 339 6324
e 120 489 208
e 261 436 792
e 5 441 8025
e 51 255 2507
e 49 251 1796
e 34 262 3759
e 199 356 6013
e 83 453 6390
e 16 327 7232
e 3 11 2433
e 16 34 1123
e 41 273 1562
e 19 398 6868
e 297 332 6097
e 355 430 8547
e 88 433 632
e 68 170 5261
e 175 234 7798
e 429 438 9693
e 292 383 7626
e 59 453 6769
e 320 408 6537
e 89 334 8234
e 373 487 1751
e 248 348 468
e 60 312 4704
e 305 493 7547
e 367 477 2231
e 65 321 165
e 223 339 3883
e 440 471 604
e 36 101 5768
e 117 398 2416
e 129 144 1681
e 105 325 2901
e 317 372 5823
e 76 321 5152
e 403 409 8020
e 229 455 2209
e 457 466 2585
e 35 241 1825
e 195 442 6510
e 71 84 5472
e 46 497 6362
e 4 220 6749
e 148 245 7998
e 132 229 6825
e 133 355 5631
e 451 483 1093
e 356 428 5596
e 11 376 515
e 38 260 8671
e 149 306 6964
e 256 295 3649
e 241 362 4294
e 191 325 6752
e 315 397 4403
e 9 418 8499
e 172 464 8221
e 56 219 1641
e 133 236 8172
e 53 95 8982
e 55 200 3893
e 324 468 9764
e 99 236 1611
e 19 337 8860
e 110 113 6537
e 227 430 6118
e 140 252 24
e 102 315 4414
e 39 158 428
e 107 345 2483
e 142 272 9731
e 211 434 1201
e 38 244 9712
e 57 174 2301
e 324 416 1818
e 213 312 4285
e 20 339 2483
e 188 461 250
e 54 316 2085
e 117 162 7976
e 182 215 2909
e 176 322 5968
e 235 391 4884
e 59 456 6614
e 70 144 358
e 173 320 4695
e 46 434 3600
e 182 219 5583
e 160 208 635
e 72 195 2827
e 103 375 263
e 5 348 1918
e 164 434 1329
e 20 29 5489
e 31 234 7228
e 231 467 6836
e 214 227 8233
e 157 255 8155
e 353 390 7259
e 36 324 3928
e 45 159 3477
e 59 204 8450
e 23 29 1800
e 60 195 7537
e 94 477 5133
e 359 442 1027
e 230 436 3293
e 216 311 8238
e 220 269 2871
e 348 419 6590
e 65 228 3896
e 392 436 2999
e 185 274 4534
e 193 291 5620
e 55 212 5980
e 131 232 8078
e 368 375 9780
e 19 324 2467
e 66 119 6192
e 46 175 6766
e 102 430 4814
e 173 431 3243
e 148 354 3231
e 204 359 8494
e 89 260 9995
e 174 497 8688
e 31 407 2193
e 90 238 2997
e 166 461 5847
e 108 352 7257
e 324 343 9860
e 293 462 1382
e 133 417 413
e 53 390 2038
e 382 448 1466
e 50 63 7029
e 122 381 4967
e 12 36 4182
e 280 424 6680
e 417 422 5976
e 31 295 2614
e 74 423 2855
e 79 433 508
e 35 296 9616
e 37 486 8776
e 402 472 1681
e 35 455 3789
e 62 194 9690
e 144 314 5319
e 250 281 2655
e 39 71 4875
e 190 259 3623
e 250 392 2916
e 128 499 1962
e 44 90 7765
e 138 219 2418
e 9 260 4508
e 43 278 8962
e 154 199 2016
e 208 316 8972
e 45 73 5290
e 33 404 2121
e 360 380 4559
e 90 149 6092
e 105 471 8300
e 31 469 8142
e 42 420 1849
e 43 343 6866
e 77 409 9742
e 49 67 5161
e 16 283 2922
e 15 278 8125
e 186 382 582
e 240 422 5641
e 79 362 4566
e 79 220 9442
e 196 360 6550
e 306 401 11
e 258 271 1561
e 157 436 9599
e 217 429 7885
e 146 355 2793
e 62 273 7304
e 313 341 5728
e 325 345 4964
e 36 310 789
e 419 480 6551
e 451 487 5420
e 118 320 313
e 34 351 1312
e 467 486 3607
e 140 496 8739
e 226 247 2833
e 22 182 6769
e 199 468 7685
e 99 471 9825
e 280 354 9762
e 156 368 961
e 27 466 2108
e 70 128 7193
e 261 273 8681
e 349 494 654
e 25 174 7892
e 244 292 1768
e 118 445 626
e 213 225 7812
e 119 325 4243
e 326 342 1723
e 150 276 2933
e 172 442 6913
e 189 209 6737
e 160 492 6141
e 29 337 1336
e 78 211 8601
e 51 214 704
e 152 272 6303
e 426 477 3517
e 31 229 37
e 69 182 1197
e 192 371 1728
e 164 486 3324
e 60 133 3663
e 16 252 6289
e 281 369 1760
e 123 344 6790
e 151 222 1155
e 437 458 7409
e 379 419 2620
e 78 182 3663
e 25 196 4994
e 179 227 9254
e 249 409 3300
e 25 448 9232
e 36 196 5894
e 272 439 8349
e 132 375 6817
e 287 399 4952
e 447 468 1205
e 113 269 6610
e 312 341 4517
e 182 302 6873
e 105 256 4925
e 94 176 9525
e 331 484 4666
e 449 484 7371
e 10 221 310
e 245 299 4815
e 170 435 2790
e 74 419 3326
e 157 259 7099
e 70 393 4008
e 127 158 7020
e 213 229 1624
e 194 343 7164
e 268 393 1856
e 279 351 5583
e 9 284 3424
e 350 400 3761
e 131 313 9658
e 205 276 1551
e 72 302 8815
e 455 470 5062
e 208 287 8573
e 93 497 6618
e 21 253 7167
e 382 455 3579
e 31 331 4990
e 260 377 5558
e 60 107 7465
e 75 486 3147
e 211 330 3993
e 199 244 2589
e 145 466 5165
e 43 268 1625
e 158 276 5264
e 59 249 3647
e 91 475 1066
e 262 419 8120
e 411 438 3146
e 378 424 4683
e 121 448 6548
e 38 350 1
e 298 428 7561
e 147 484 8344
e 339 350 1295
e 144 498 7424
e 29 268 320
e 157 171 184
e 144 346 9488
e 447 453 7345
e 67 452 2342
e 198 325 92
e 133 293 4511
e 33 185 1295
e 81 231 2348
e 301 429 5641
e 300 336 784
e 111 472 3303
e 323 489 5809
e 398 467 9258
e 202 231 6963
e 216 309 5321
e 384 490 2466
e 269 345 8929
e 139 297 1384
e 203 475 439
e 38 453 6135
e 122 274 8078
e 92 449 2450
e 312 371 1405
e 217 416 1103
e 183 312 5061
e 411 445 420
e 40 346 3087
e 54 251 2909
e 50 310 7164
e 203 447 2957
e 129 238 4378
e 129 399 6350
e 205 281 1315
e 238 352 4907
e 108 399 3573
e 51 146 7209
e 47 226 4496
e 396 433 5257
e 7 479 758
e 390 481 7597
e 20 436 5659
e 368 409 3397
e 263 386 5688
e 37 274 9621
e 26 421 3408
e 115 424 3200
e 150 244 3412
e 414 459 9806
e 282 445 3319
e 150 436 420
e 73 300 9971
e 63 428 5713
e 136 369 636
e 33 74 3215
e 346 349 1080
e 35 197 5066
e 33 497 4691
e 75 433 7625
e 67 438 3176
e 162 225 1431
e 72 463 6964
e 106 394 2422
e 4 201 4899
e 185 239 4907
e 150 314 257
e 205 394 3358
e 301 434 9452
e 81 169 5769
e 132 206 8950
e 62 413 8841
e 253 302 517
e 53 499 4007
e 195 347 4886
e 80 303 9873
e 64 110 6773
e 22 263 5618
e 222 402 9708
e 71 186 3892
e 87 362 3884
e 16 74 1429
e 344 481 1310
e 102 390 9601
e 23 391 2417
e 102 415 1105
e 42 435 7924
e 149 442 1026
e 76 474 1937
e 14 153 2735
e 357 371 150
e 420 467 8919
e 174 243 5931
e 193 379 765
e 66 410 5126
e 75 268 9613
e 172 213 1157
e 188 419 8723
e 388 416 6632
e 109 277 9633
e 317 325 9662
e 273 370 5143
e 79 388 212
e 241 357 3088
e 180 438 5223
e 97 224 4453
e 280 444 8317
e 169 173 9246
e 10 372 3885
e 153 181 4075
e 233 384 5416
e 283 489 1542
e 109 432 2616
e 154 217 5139
e 174 404 4261
e 13 84 8007
e 198 327 8588
e 4 211 6811
e 40 42 3489
e 10 154 1346
e 163 269 6977
e 226 334 8521
e 222 358 3902
e 156 274 6055
e 191 400 5004
e 305 387 2259
e 92 253 3258
e 235 334 1339
e 25 266 7735
e 13 152 5547
e 87 173 3501
e 95 224 8729
e 163 472 8511
e 49 488 272
e 204 368 133
e 197 344 4083
e 219 280 3549
e 300 426 7024
e 241 451 4187
e 13 324 1645
e 72 339 1445
e 62 330 4163
e 16 285 5539
e 199 408 1146
e 5 345 7512
e 409 438 3713
e 41 186 5519
e 102 188 1152
e 1 334 9142
e 8 279 8067
e 102 269 187
e 281 500 3810
e 328 343 6696
e 125 421 2205
e 121 497 1463
e 110 428 141
e 260 415 9078
e 467 489 7666
e 138 356 1437
e 218 291 9525
e 8 431 4869
e 334 335 6966
e 59 472 2507
e 58 170 9649
e 269 309 9091
e 236 426 2277
e 33 132 7289
e 144 386 3463
e 353 431 9636
e 32 168 8125
e 18 368 2034
e 14 130 9004
e 42 53 7465
e 358 470 8355
e 399 441 2612
e 298 378 3795
e 306 341 8093
e 289 368 4170
e 160 434 7802
e 337 371 4118
e 22 496 945
e 76 242 897
e 210 349 36
e 312 404 3984
e 9 270 5559
e 61 256 7014
e 359 464 8905
e 35 155 2770
e 29 43 4258
e 272 342 7997
e 279 319 150
e 312 451 5202
e 277 462 4349
e 193 256 6703
e 325 404 4184
e 35 394 6931
e 118 485 5865
e 171 300 6158
e 122 473 1403
e 295 432 1981
e 229 267 3385
e 289 356 8158
e 157 289 9690
e 73 450 7235
e 257 355 6532
e 171 469 2213
e 3 296 115
e 287 470 1386
e 91 134 7861
e 57 442 39
e 242 372 3322
e 446 498 3856
e 112 378 7837
e 205 277 3171
e 272 287 8673
e 186 241 2230
e 148 274 9519
e 229 402 7612
e 65 102 5389
e 101 483 8432
e 304 389 2925
e 127 207 280
e 146 485 6680
e 231 343 6041
e 392 496 6568
e 85 154 2096
e 82 352 6417
e 390 439 1288
e 139 348 3799
e 150 207 401
e 148 417 6353
e 253 452 536
e 161 489 4240
e 66 416 6674
e 85 331 9148
e 191 211 9496
e 88 478 7065
e 108 430 6981
e 8 163 940
e 52 353 2541
e 256 409 9400
e 11 369 9672
e 1 192 793
e 27 288 5114
e 153 404 6191
e 141 423 8508
e 154 201 4562
e 70 238 5649
e 120 235 5576
e 133 214 2925
e 277 490 8920
e 192 201 1351
e 14 172 516
e 42 264 1289
e 6 251 1560
e 373 491 1198
e 5 70 3894
e 195 209 4372
e 83 309 132
e 126 494 6368
e 234 472 180
e 12 336 7337
e 316 371 1448
e 373 408 4701
e 376 452 5678
e 304 416 2540
e 63 457 8909
e 204 374 2814
e 156 188 5577
e 307 334 2471
e 7 160 2123
e 158 367 8513
e 332 463 9119
e 331 409 5867
e 230 322 7624
e 6 269 7166
e 202 249 9095
e 234 469 5272
e 169 435 9902
e 271 361 8853
e 166 375 9882
e 131 177 7529
e 325 412 4903
e 62 221 2861
e 41 491 8405
e 186 453 1189
e 261 452 2942
e 1 400 9694
e 180 430 4464
e 20 181 1926
e 207 396 7376
e 85 210 7884
e 353 436 700
e 99 150 5044
e 77 90 9635
e 33 335 3913
e 114 364 3664
e 359 389 653
e 126 282 1631
e 382 394 9855
e 83 151 6918
e 288 494 4659
e 103 230 2998
e 33 37 8269
e 3 417 5055
e 29 38 6724
e 264 486 3060
e 2 357 8737
e 126 364 4248
e 430 467 4962
e 87 88 32
e 156 216 3577
e 270 485 7553
e 431 473 4758
e 343 465 3457
e 410 446 9224
e 70 385 18
e 27 415 7361
e 77 106 2585
e 182 469 88
e 26 442 9440
e 86 369 8779
e 371 460 9790
e 78 433 1776
e 282 326 3172
e 78 435 5896
e 127 446 2771
e 371 475 5577
e 45 152 6960
e 403 425 5951
e 63 219 6781
e 158 396 5619
e 326 435 2193
e 218 299 9186
e 159 232 6356
e 124 294 4099
e 315 362 323
e 239 453 7561
e 72 99 108
e 127 194 2743
e 190 297 8785
e 317 376 562
e 143 497 308
e 2 307 7743
e 25 444 7505
e 144 234 9375
e 92 181 9729
e 347 492 7869
e 250 428 8716
e 267 329 7199
e 192 375 6506
e 102 274 4205
e 122 164 9715
e 93 385 7011
e 183 322 3382
e 253 308 4439
e 52 236 6117
e 308 406 4429
e 85 343 8861
e 411 462 1522
e 48 323 3345
e 212 254 3945
e 355 470 6663
e 221 322 2982
e 288 488 1756
e 123 178 3952
e 86 339 8021
e 206 220 4502
e 176 479 3537
e 84 472 9498
e 60 500 3389
e 450 469 8151
e 128 252 5545
e 142 364 9670
e 125 477 1643
e 81 496 6413
e 329 497 2079
e 259 459 1929
e 154 390 4166
e 377 413 4171
e 45 444 3090
e 59 95 6071
e 19 85 3363
e 277 420 7646
e 351 368 6128
e 86 338 6442
e 167 334 7762
e 12 478 7084
e 208 241 5426
e 3 254 8558
e 369 488 4073
e 250 439 2763
e 278 317 8033
e 337 351 989
e 61 115 218
e 152 432 4449
e 74 221 8977
e 321 476 1470
e 37 353 6107
e 146 371 7403
e 63 160 8329
e 27 82 9465
e 372 404 8760
e 125 196 65
e 261 490 846
e 155 178 5357
e 366 481 564
e 242 268 2203
e 24 489 6429
e 178 219 8373
e 43 419 5361
e 225 275 777
e 11 270 9928
e 80 296 3225
e 8 147 9641
e 33 421 7092
e 369 434 7624
e 159 453 4660
e 48 483 4728
e 65 275 6788
e 14 258 8764
e 451 486 7937
e 73 325 280
e 119 309 3232
e 39 179 80
e 52 298 1993
e 25 198 5105
e 66 75 6011
e 426 467 3747
e 255 398 5821
e 120 348 5922
e 152 410 761
e 268 392 4783
e 118 488 3563
e 177 417 1745
e 106 196 904
e 39 340 1149
e 182 220 8798
e 143 375 5567
e 264 272 6907
e 74 119 5386
e 301 323 9241
e 401 470 2963
e 158 242 9712
e 107 267 8705
e 73 140 4762
e 275 374 4437
e 423 427 3929
e 251 442 764
e 183 240 760
e 152 266 5927
e 336 371 5807
e 31 463 8180
e 147 203 6461
e 87 99 6444
e 460 500 928
e 80 375 2755
e 273 424 5299
e 28 264 350
e 171 203 8939
e 212 460 1735
e 379 471 3875
e 138 205 422
e 180 307 2324
e 146 203 3419
e 144 158 2254
e 239 295 5473
e 357 441 1436
e 50 414 9980
e 59 327 5940
e 145 422 3633
e 214 220 767
e 125 197 2566
e 448 499 4234
e 56 432 4457
e 381 438 9963
e 42 100 6877
e 99 355 3198
e 37 261 6364
e 345 398 4739
e 159 399 119
e 16 70 7921
e 192 263 4958
e 361 441 3357
e 199 212 8810
e 257 309 9250
e 358 456 2864
e 22 343 1590
e 284 348 3955
e 67 451 1519
e 274 498 3299
e 3 59 8445
e 80 359 7610
e 93 362 2731
e 145 462 7500
e 274 385 8271
e 231 242 9851
e 217 325 4029
e 50 123 9012
e 46 129 6652
e 1 494 5307
e 204 271 2756
e 114 189 8162
e 323 445 2353
e 322 392 6341
e 227 349 5676
e 11 366 4723
e 158 401 9247
e 46 288 8334
e 107 419 5120
e 41 286 1718
e 303 359 7209
e 40 118 5023
e 127 492 1051
e 170 318 8059
e 101 153 5151
e 205 294 8448
e 92 203 6327
e 314 373 4720
e 176 256 7068
e 45 343 5950
e 33 431 3586
e 316 462 2095
e 355 483 3704
e 128 268 9756
e 83 275 9934
e 54 320 1436
e 56 410 2636
e 241 444 1173
e 345 406 316
e 28 368 3853
e 276 330 7820
e 47 478 728
e 234 360 678
e 217 252 6988
e 326 443 5717
e 31 486 5065
e 200 277 8067
e 87 320 7649
e 182 250 4119
e 80 133 6252
e 251 407 5716
e 171 224 419
e 109 425 1751
e 18 21 2262
e 54 304 8840
e 160 269 1659
e 248 416 8417
e 48 430 849
e 332 459 6306
e 114 470 3284
e 94 151 8298
e 107 183 6204
e 270 272 9001
e 156 402 548
e 273 312 6807
e 140 185 9441
e 167 361 8438
e 261 377 2847
e 161 334 8404
e 122 321 4972
e 21 467 368
e 21 387 8151
e 272 438 8908
e 289 402 7237
e 155 181 5960
e 82 349 5684
e 217 352 8781
e 178 353 8560
e 157 235 890
e 277 288 1116
e 128 464 5860
e 323 441 4125
e 158 486 6887
e 101 304 4227
e 242 363 3627
e 87 133 5332
e 18 148 4675
e 189 466 4858
e 65 410 4629
e 13 300 6211
e 280 419 7726
e 84 237 8430
e 184 381 906
e 76 250 353
e 64 311 2852
e 266 302 2516
e 27 181 3090
e 363 386 8839
e 159 242 2825
e 229 376 8235
e 264 404 8719
e 160 182 7257
e 344 404 3673
e 60 71 6856
e 371 482 4783
e 36 435 185
e 110 257 9847
e 174 414 3439
e 199 218 1957
e 236 498 3085
e 242 306 2162
e 1 13 9078
e 18 282 1798
e 184 469 4958
e 104 467 487
e 145 483 8845
e 137 295 5852
e 225 464 8357
e 101 338 8090
e 6 135 4894
e 426 470 6603
e 7 398 4493
e 24 428 9691
e 34 101 1378
e 44 423 5124
e 363 392 6811
e 401 458 9194
e 201 286 2737
e 9 173 4669
e 170 421 6576
e 16 90 2193
e 231 319 9816
e 36 453 9975
e 350 396 1941
e 121 369 4988
e 126 481 8031
e 179 219 1916
e 235 485 9733
e 40 402 1555
e 301 317 1942
e 304 425 8558
e 178 256 4072
e 80 452 6570
e 68 449 5867
e 25 248 1814
e 357 360 3538
e 13 332 4196
e 357 496 7326
e 65 208 353
e 275 426 3949
e 35 95 5855
e 48 78 5819
e 159 456 1957
e 231 397 4122
e 62 90 3329
e 42 66 4808
e 116 268 5426
e 356 392 5555
e 361 425 6635
e 44 374 6317
e 179 362 3188
e 247 385 3320
e 289 392 2860
e 237 369 7651
e 277 311 8689
e 244 275 1869
e 141 251 230
e 68 274 5282
e 114 160 6675
e 168 207 4251
e 11 13 9188
e 149 297 7529
e 191 247 1000
e 216 367 148
e 153 324 7362
e 48 105 5017
e 85 345 1025
e 405 440 9436
e 172 409 9475
e 116 414 436
e 369 404 7882
e 134 166 859
e 189 266 3929
e 5 334 4206
e 142 292 6005
e 26 70 4676
e 421 490 5319
e 430 458 3933
e 262 371 7871
e 418 485 7338
e 23 246 3829
e 311 438 5349
e 183 236 4631
e 38 139 9519
e 138 160 7504
e 255 479 7861
e 104 372 3195
e 93 447 8820
e 435 440 9829
e 236 461 984
e 428 472 2231
e 165 279 2771
e 4 342 328
e 30 429 7435
e 77 297 945
e 221 318 4365
e 181 380 3119
e 91 371 7491
e 105 149 6352
e 97 442 6391
e 40 154 9901
e 193 363 4395
e 109 127 9633
e 177 435 4994
e 405 464 2944
e 175 375 7766
e 19 471 9299
e 232 261 2282
e 401 432 5798
e 415 491 6854
e 122 470 1808
e 2 349 9886
e 336 419 5706
e 270 355 6560
e 294 302 4128
e 270 284 1221
e 379 493 5151
e 46 117 341
e 306 433 1798
e 28 289 8198
e 5 186 6993
e 106 256 3605
e 13 121 9281
e 94 119 7707
e 71 329 3288
e 166 298 11
e 204 218 7624
e 48 318 7137
e 67 429 965
e 87 395 1351
e 174 264 9036
e 65 183 158
e 175 361 6547
e 156 239 1507
e 94 184 1025
e 227 472 1085
e 277 372 108
e 80 120 1967
e 114 218 4529
e 52 121 1478
e 402 484 2249
e 408 493 9675
e 71 277 3473
e 163 429 6484
e 249 464 1310
e 154 452 5156
e 243 365 361
e 80 219 7795
e 342 414 4976
e 258 324 7377
e 177 449 8577
e 8 490 6411
e 40 290 1818
e 206 465 6889
e 48 481 5541
e 394 406 6275
e 94 227 8093
e 349 382 5083
e 239 277 9155
e 6 92 916
e 184 211 197
e 106 358 4313
e 62 227 2963
e 301 424 7609
e 358 429 9129
e 99 287 5899
e 139 281 6880
e 178 493 7709
e 282 414 4450
e 170 217 531
e 148 388 1236
e 162 312 4118
e 172 463 3255
e 11 399 489
e 315 483 2987
e 141 402 4025
e 104 193 4039
e 50 347 8499
e 243 251 2460
e 141 262 3679
e 149 334 1333
e 188 456 804
e 4 144 6913
e 66 197 9674
e 52 240 2289
e 25 100 16
e 356 387 2834
e 30 62 6892
e 140 369 7465
e 233 365 1156
e 29 233 9572
e 103 335 9443
e 30 275 639
e 124 387 3629
e 1 496 8886
e 119 426 3620
e 109 446 7551
e 50 384 8264
e 368 432 3502
e 114 131 355
e 19 392 684
e 104 307 4687
e 134 450 6089
e 183 209 4706
e 295 368 3973
e 64 432 4434
e 243 356 4339
e 356 446 2101
e 17 444 6638
e 161 210 5463
e 60 307 5016
e 132 263 8118
e 46 431 6043
e 36 213 9449
e 116 379 2992
e 23 235 1708
e 66 421 7949
e 371 392 1757
e 127 396 2635
e 262 299 9215
e 104 121 6729
e 147 435 2110
e 89 137 1541
e 167 456 8580
e 253 285 8116
e 55 280 469
e 252 301 9485
e 125 440 9576
e 142 282 6458
e 67 316 706
e 30 191 2353
e 297 368 6647
e 317 354 6270
e 111 237 3504
e 204 491 3509
e 139 327 3444
e 20 300 7441
e 106 481 3545
e 255 319 7623
e 51 289 6976
e 222 433 7263
e 11 288 1048
e 181 428 6233
e 102 118 1625
e 159 298 4004
e 163 309 9913
e 235 307 4203
e 83 303 5749
e 247 500 6274
e 249 483 2303
e 94 444 4934
e 97 310 3746
e 266 348 8933
e 63 458 6946
e 134 309 5925
e 199 211 7546
e 6 195 8544
e 74 104 9243
e 279 492 5155
e 5 294 2504
e 282 489 3057
e 125 174 1358
e 74 89 1115
e 114 324 2436
e 442 469 435
e 458 470 9727
e 247 344 7142
e 120 280 8893
e 17 40 8785
e 29 220 8408
e 102 476 449
e 108 390 541
e 264 403 6809
e 5 482 3939
e 60 303 8248
e 273 357 7085
e 403 457 4520
e 113 423 5241
e 261 458 5623
e 180 440 3062
e 116 166 6182
e 166 287 6700
e 200 260 5924
e 73 193 3944
e 354 468 1342
e 65 356 4335
e 340 447 7396
e 109 173 6909
e 36 115 6209
e 21 207 4672
e 196 417 6143
e 147 414 7830
e 203 258 3254
e 180 483 7011
e 74 90 7066
e 327 358 1117
e 62 178 2017
e 52 205 5426
e 391 455 2357
e 73 251 6216
e 277 314 8170
e 344 476 1088
e 118 392 9303
e 207 382 6448
e 224 435 238
e 3 247 7090
e 182 303 8089
e 129 371 4521
e 189 352 8021
e 119 471 9269
e 352 367 1925
e 52 395 737
e 21 270 3781
e 179 420 2314
e 75 308 4160
e 9 498 4493
e 98 260 9184
e 29 130 2831
e 214 491 6220
e 94 244 8013
e 71 469 3870
e 216 332 4865
e 116 313 9842
e 90 472 3245
e 11 303 2110
e 278 323 7003
e 207 448 3841
e 437 483 7123
e 121 384 5906
e 215 402 5295
e 455 493 2026
e 133 434 3588
e 36 465 582
e 89 179 4160
e 323 374 2760
e 110 125 1691
e 220 278 3554
e 378 449 5544
e 59 262 2282
e 277 370 4724
e 39 366 6196
e 349 466 1974
e 363 423 9683
e 19 271 1500
e 210 279 4479
e 129 203 8114
e 116 140 2984
e 11 88 2993
e 19 172 4264
e 242 369 4546
e 166 233 9834
e 121 348 7810
e 34 371 865
e 424 481 9165
e 367 417 6894
e 144 302 3946
e 259 421 846
e 13 160 9349
e 219 335 1550
e 119 332 4698
e 202 486 1924
e 21 430 945
e 241 445 238
e 497 500 8963
e 67 433 2800
e 176 419 1187
e 204 498 8061
e 23 114 6102
e 259 366 4518
e 282 374 1517
e 60 394 6553
e 186 404 2978
e 453 471 9687
e 133 195 4833
e 65 188 6521
e 52 389 4066
e 214 282 4934
e 397 432 9578
e 131 265 4437
e 338 481 1040
e 80 313 3582
e 261 296 6595
e 259 427 1671
e 20 59 1137
e 324 433 2478
e 147 438 2388
e 215 401 2200
e 190 414 8764
e 203 455 3570
e 130 240 7515
e 110 193 5960
e 34 497 3941
e 373 420 5019
e 84 119 2084
e 30 57 2376
e 377 406 5298
e 239 448 4203
e 403 410 2113
e 245 479 8911
e 185 438 3221
e 377 382 3513
e 121 484 6982
e 59 477 4098
e 265 387 5791
e 157 346 9964
e 206 386 7266
e 70 351 8862
e 94 166 7781
e 114 166 6183
e 42 313 2735
e 180 403 9147
e 217 446 5031
e 98 276 5322
e 153 203 6672
e 73 446 3196
e 196 220 1101
e 257 419 4229
e 224 362 6147
e 112 174 6728
e 82 239 8180
e 315 444 3844
e 107 420 8901
e 145 194 8565
e 89 158 7948
e 29 271 7013
e 58 255 9889
e 50 179 5543
e 127 339 1337
e 154 385 4125
e 62 325 5039
e 43 171 9554
e 123 500 4612
e 312 431 5596
e 24 426 3544
e 59 349 5438
e 290 393 9123
e 260 461 6159
e 292 476 3067
e 207 405 3823
e 121 449 7523
e 415 456 7610
e 21 179 9499
e 42 275 4912
e 377 415 6884
e 62 66 5547
e 239 245 6623
e 96 196 1726
e 300 406 3436
e 105 310 6195
e 230 374 2816
e 10 346 2338
e 285 438 720
e 128 209 7765
e 181 232 8072
e 102 462 9850
e 48 187 471
e 109 493 4675
e 76 168 5195
e 121 222 2266
e 330 476 5918
e 48 296 3012
e 167 356 9344
e 86 352 7095
e 18 106 5929
e 11 384 2097
e 270 432 7142
e 371 450 184
e 14 178 8239
e 412 439 7322
e 272 277 6740
e 120 275 2732
e 313 462 4294
e 104 332 6924
e 106 220 6271
e 38 407 8050
e 287 465 3128
e 196 423 5683
e 210 232 7179
e 430 448 5930
e 233 423 3838
e 52 173 8277
e 280 320 9013
e 86 463 6730
e 106 168 9094
e 56 134 7679
e 12 90 9850
e 249 494 7577
e 61 461 8167
e 164 244 2721
e 60 490 5198
e 137 368 9135
e 28 127 2893
e 48 285 1021
e 103 359 3042
e 226 398 4834
e 97 457 1685
e 469 483 9837
e 309 405 9929
e 69 278 4204
e 93 136 3125
e 4 359 5034
e 184 295 8497
e 53 206 1324
e 71 278 656
e 294 471 5005
e 135 488 7640
e 140 283 8995
e 17 20 756
e 140 158 3425
e 104 258 4853
e 140 487 3153
e 169 386 9497
e 266 459 7691
e 130 194 4382
e 212 402 2817
e 303 379 519
e 4 470 7633
e 91 332 4346
e 48 472 6635
e 11 372 8731
e 13 400 4601
e 305 407 6913
e 223 294 9088
e 213 259 5815
e 69 175 1653
e 154 254 1388
e 81 494 9045
e 199 271 167
e 5 129 8017
e 54 88 9236
e 5 190 5113
e 94 461 6990
e 172 335 8023
e 73 430 3121
e 142 231 2407
e 7 488 1625
e 419 486 8563
e 66 359 8190
e 49 198 1213
e 96 475 6281
e 225 232 4411
e 127 185 9630
e 215 395 8831
e 229 235 8665
e 41 414 9595
e 241 464 2491
e 159 455 1124
e 74 135 4279
e 195 351 3826
e 185 442 5099
e 66 192 8008
e 296 485 4280
e 481 490 8931
e 287 464 7018
e 408 415 288
e 181 350 379
e 195 269 8066
e 56 195 2647
e 168 381 333
e 47 318 3951
e 95 135 6934
e 323 378 320
e 275 436 2162
e 179 315 8843
e 114 433 2373
e 105 146 573
e 214 388 996
e 81 257 7334
e 28 166 9053
e 271 381 1104
e 171 481 7731
e 101 471 1835
e 66 309 5606
e 247 248 7160
e 442 452 1953
e 326 378 7207
e 99 187 3065
e 142 213 2365
e 9 348 1401
e 199 500 3773
e 355 497 359
e 115 404 3773
e 225 256 5659
e 269 453 7486
e 62 363 2287
e 261 305 9210
e 148 495 7108
e 206 212 7041
e 151 274 1921
e 99 385 3020
e 25 413 8646
e 307 335 3230
e 164 435 7477
e 268 428 192
e 165 259 5773
e 138 298 6210
e 172 331 2344
e 90 148 3200
e 17 470 8795
e 191 264 730
e 346 373 4265
e 305 342 7937
e 366 426 3614
e 121 318 2192
e 13 418 5770
e 448 472 7496
e 51 252 1592
e 119 253 66
e 286 311 3292
e 138 193 4228
e 448 496 7091
e 94 179 7167
e 101 380 1904
e 272 327 5294
e 131 359 5139
e 68 437 2374
e 450 474 3599
e 273 328 6474
e 170 368 1178
e 161 308 5067
e 298 374 8988
e 95 180 8451
e 235 325 265
e 87 473 8022
e 335 365 4191
e 169 230 3872
e 9 276 7068
e 144 380 6867
e 391 445 3601
e 36 275 6458
e 336 437 6191
e 346 398 2894
e 221 240 2175
e 79 484 9060
e 62 264 1363
e 17 169 308
e 276 432 3598
e 223 295 7935
e 295 319 3933
e 268 330 2968
e 372 474 2767
e 223 269 1101
e 160 364 592
e 79 207 4453
e 31 389 3988
e 60 89 3017
e 117 224 6723
e 107 145 8169
e 102 158 7761
e 448 467 4973
e 206 481 2463
e 214 382 9967
e 232 339 9837
e 272 384 6901
e 216 374 5586
e 86 116 6607
e 219 329 6911
e 339 352 5814
e 186 229 2960
e 156 358 3607
e 139 485 3295
e 184 233 5429
e 195 295 5856
e 192 391 5683
e 152 294 4475
e 100 402 3052
e 25 406 6983
e 55 73 2009
e 133 336 1790
e 243 270 7303
e 337 361 297
e 291 356 9978
e 38 461 1250
e 293 389 8800
e 279 423 8660
e 109 332 378
e 242 262 5758
e 95 249 821
e 424 484 1744
e 305 379 1793
e 273 309 8544
e 202 463 3523
e 273 450 4329
e 31 220 2635
e 245 284 2550
e 13 485 4270
e 108 213 1775
e 20 135 6996
e 296 483 249
e 265 370 8717
e 140 299 8471
e 275 443 78
e 68 445 8302
e 209 398 8505
e 166 394 8098
e 21 403 9186
e 168 488 7667
e 262 333 9511
e 262 463 3740
e 165 364 2734
e 109 301 7463
e 465 480 1646
e 103 374 6748
e 77 377 685
e 30 482 3905
e 150 200 1960
e 112 182 3704
e 390 430 5102
e 63 369 1231
e 141 432 4086
e 209 381 7231
e 131 190 9753
e 160 474 5268
e 269 447 7557
e 303 499 892
e 134 402 2811
e 136 386 1392
e 216 474 4246
e 81 120 4730
e 176 471 6377
e 163 461 8341
e 59 231 6123
e 210 327 4343
e 32 380 8536
e 206 397 1800
e 33 155 2599
e 79 414 8251
e 334 397 4874
e 239 415 6687
e 144 151 5189
e 90 274 3901
e 383 497 3678
e 388 459 2333
e 47 220 43
e 3 111 8475
e 50 164 35
e 227 386 7351
e 196 373 1565
e 82 357 591
e 224 436 4076
e 280 311 6186
e 1 294 5791
e 163 344 7676
e 189 400 2549
e 200 456 6847
e 263 306 1336
e 194 236 3263
e 120 168 3913
e 81 476 6946
e 2 273 9793
e 96 344 4523
e 15 297 8636
e 450 481 8063
e 272 385 5258
e 228 313 5399
e 97 352 9709
e 41 161 1546
e 385 436 1571
e 156 268 4753
e 107 426 962
e 294 332 1294
e 206 274 3986
e 158 424 2781
e 69 266 6670
e 14 37 9640
e 110 359 2636
e 81 94 2281
e 237 408 6391
e 187 411 9042
e 7 267 4592
e 284 365 5676
e 395 481 1554
e 94 214 8695
e 155 318 1028
e 360 388 9408
e 378 496 8795
e 171 451 4597
e 246 438 144
e 184 488 2579
e 197 230 3150
e 98 117 9579
e 239 449 8589
e 162 476 2254
e 174 360 5840
e 67 221 6323
e 33 34 6523
e 70 391 6357
e 396 474 330
e 288 365 9296
e 65 174 6199
e 216 452 3784
e 155 203 1386
e 18 256 3903
e 121 211 8207
e 13 115 3398
e 201 498 8693
e 277 356 4282
e 214 464 8624
e 42 253 6636
e 262 322 8833
e 86 475 377
e 153 344 5931
e 184 266 6220
e 258 403 9408
e 133 408 4123
e 208 423 1757
e 155 311 8354
e 287 341 867
e 260 397 2691
e 90 240 8485
e 364 470 8400
e 52 304 4118
e 230 381 4679
e 13 51 8522
e 188 359 3682
e 117 283 3857
e 197 265 5097
e 54 440 3944
e 126 371 5595
e 10 84 1443
e 186 279 7679
e 21 187 622
e 265 356 6536
e 158 380 7188
e 36 480 5740
e 182 424 9840
e 173 495 667
e 120 160 8728
e 399 452 2179
e 289 418 5940
e 98 299 9158
e 130 243 6957
e 26 33 1271
e 296 461 5302
e 320 391 8159
e 325 449 3763
e 281 416 5034
e 49 417 8946
e 324 401 1980
e 270 388 1284
e 193 487 5523
e 264 296 7252
e 292 367 6381
e 342 409 2899
e 95 436 1585
e 104 151 2041
e 11 123 5679
e 286 323 202
e 144 398 7311
e 74 187 7671
e 102 143 6881
e 210 264 6834
e 223 459 9075
e 245 288 8417
e 312 463 4764
e 64 139 9294
e 441 453 9155
e 269 470 5855
e 84 198 8938
e 93 291 2246
e 331 349 1879
e 209 469 5753
e 177 330 1043
e 201 425 9463
e 74 398 498
e 129 157 4985
e 42 327 1500
e 20 206 7436
e 154 224 3318
e 189 420 4830
e 4 122 9480
e 2 110 2925
e 228 340 6643
e 288 472 8374
e 285 374 4501
e 188 363 7759
e 32 61 756
e 162 387 2614
e 24 191 1960
e 170 438 2053
e 85 277 5017
e 114 493 9995
e 246 456 8745
e 153 295 7831
e 161 314 5710
e 41 200 9664
e 80 439 9631
e 216 297 188
e 331 492 9954
e 27 360 2395
e 146 496 2727
e 4 339 1312
e 111 140 2242
e 20 118 4159
e 45 291 8565
e 103 174 1905
e 298 346 5232
e 290 380 4404
e 21 291 3264
e 85 135 4675
e 25 497 5868
e 15 172 7848
e 199 345 1717
e 56 415 297
e 319 385 2235
e 39 413 4858
e 15 421 4703
e 192 238 4330
e 339 420 6630
e 286 497 7376
e 178 355 3531
e 317 389 7102
e 329 398 4764
e 155 363 6436
e 179 410 9059
e 38 225 2403
e 128 451 808
e 190 474 8833
e 411 455 5442
e 48 170 9738
e 448 488 5803
e 228 432 7093
e 104 359 4640
e 157 234 7989
e 14 225 3701
e 295 447 1903
e 114 439 2950
e 43 127 5457
e 284 319 1010
e 282 434 1362
e 86 99 7971
e 141 153 4861
e 89 480 9339
e 238 319 2821
e 34 195 9735
e 16 222 2478
e 218 485 8832
e 59 417 21
e 106 441 3200
e 65 465 7860
e 122 141 4192
e 233 492 8983
e 1 398 684
e 205 246 1339
e 215 492 3572
e 239 305 3899
e 386 405 1590
e 109 372 4347
e 124 205 5012
e 121 204 5860
e 32 315 7209
e 251 370 4625
e 82 264 4306
e 53 154 4013
e 50 197 6479
e 16 311 5448
e 280 367 7880
e 71 112 308
e 99 156 6634
e 382 439 1145
e 20 209 2652
e 13 453 6888
e 161 270 7281
e 96 166 6408
e 104 463 3141
e 63 418 1305
e 37 399 1804
e 1 30 2206
e 152 299 4833
e 214 435 3829
e 38 216 6144
e 184 423 538
e 480 500 9113
e 353 422 733
e 7 34 819
e 159 321 6597
e 107 306 2079
e 125 406 5664
e 237 356 1009
e 143 467 1965
e 299 414 5975
e 344 365 916
e 20 129 2024
e 32 300 6653
e 125 355 1679
e 371 415 9714
e 277 363 2828
e 346 365 2546
e 93 249 4842
e 155 396 74
e 152 415 1873
e 141 364 3740
e 64 443 1668
e 25 282 7685
e 97 272 4201
e 208 419 2349
e 107 158 8763
e 40 423 2449
e 64 428 21
e 102 324 5525
e 72 496 3530
e 127 242 4261
e 276 277 8295
e 89 430 3646
e 227 460 2334
e 10 498 6605
e 2 21 6782
e 236 297 1851
e 169 280 9995
e 21 147 421
e 7 326 7098
e 375 476 9730
e 215 230 8849
e 259 426 7752
e 104 165 1638
e 34 323 3765
e 154 361 9922
e 49 110 5863
e 97 208 7960
e 80 354 8875
e 15 429 4018
e 341 386 9086
e 1 82 4332
e 164 405 9233
e 382 434 3289
e 44 299 5035
e 178 225 6509
e 197 253 4889
e 99 132 7855
e 210 488 2966
e 46 143 1011
e 122 384 958
e 28 294 9304
e 154 198 8169
e 73 370 6130
e 73 497 7009
e 176 250 8133
e 53 298 7941
e 44 45 606
e 30 337 8171
e 75 362 2148
e 118 419 5284
e 278 326 8168
e 143 311 4631
e 7 385 2244
e 88 297 4429
e 400 421 3422
e 242 378 9787
e 71 139 7897
e 111 479 80
e 26 498 8450
e 13 415 871
e 174 418 3184
e 303 486 2308
e 54 267 5052
e 168 184 5184
e 72 251 7437
e 331 369 1596
e 367 493 1625
e 90 283 388
e 4 159 9326
e 141 463 5595
e 387 440 4411
e 273 447 9906
e 86 408 3385
e 319 438 1102
e 168 392 9641
e 27 214 2232
e 59 276 1834
e 296 329 3852
e 108 237 5672
e 33 406 4765
e 390 416 4585
e 96 114 8392
e 203 494 5682
e 177 259 6376
e 175 448 3827
e 175 204 7500
e 397 482 7856
e 2 382 1992
e 188 219 9307
e 246 454 4089
e 61 473 6638
e 28 224 5573
e 3 353 5333
e 336 409 9135
e 106 157 2332
e 75 191 1972
e 30 411 1297
e 148 261 4054
e 273 308 5041
e 71 491 221
e 101 154 4484
e 9 406 1384
e 43 467 8466
e 167 184 6886
e 43 415 8338
e 40 321 5114
e 203 241 5752
e 237 357 9579
e 336 465 4304
e 148 298 3449
e 296 425 7207
e 100 129 7438
e 160 235 8963
e 28 120 1228
e 80 291 7722
e 149 459 7653
e 16 366 4050
e 438 465 6056
e 56 165 4410
e 333 402 4282
e 3 331 6449
e 59 332 5555
e 289 485 475
e 12 198 1413
e 105 181 3874
e 73 417 9107
e 428 441 9886
e 274 483 6574
e 370 409 9608
e 24 65 3616
e 154 177 6197
e 7 95 3947
e 61 398 3415
e 196 242 1160
e 273 408 1967
e 219 345 2753
e 59 363 4471
e 19 454 4431
e 43 288 4605
e 203 472 4762
e 369 410 1683
e 126 475 7270
e 50 244 2333
e 86 474 385
e 315 322 1796
e 60 102 116
e 22 111 7673
e 41 242 8912
e 313 416 2181
e 148 310 7012
e 133 246 2514
e 32 444 7840
e 25 163 494
e 193 263 8
e 70 483 7766
e 288 320 9398
e 124 447 1023
e 49 148 5165
e 330 464 6108
e 343 453 8490
e 146 180 9455
e 158 197 7384
e 5 280 6616
e 71 236 9724
e 171 477 7022
e 83 312 1712
e 140 457 1799
e 9 194 9207
e 65 87 8107
e 449 475 9174
e 100 184 2557
e 151 280 7650
e 186 312 5993
e 66 425 6830
e 100 434 5803
e 114 457 5035
e 132 418 879
e 134 242 5284
e 152 365 2425
e 170 182 2394
e 14 154 5779
e 60 127 2755
e 211 266 2962
e 143 211 5847
e 81 247 3972
e 32 249 2754
e 67 92 8991
e 95 291 8698
e 51 229 6898
e 251 446 5968
e 86 186 5684
e 421 489 1420
e 162 406 2668
e 326 356 6030
e 297 464 5039
e 51 179 7311
e 183 292 6806
e 69 195 274
e 249 500 8447
e 254 318 5946
e 292 394 1839
e 53 417 1179
e 231 342 9398
e 100 466 755
e 198 219 9316
e 183 315 4893
e 203 454 4850
e 391 476 5170
e 32 48 8225
e 108 169 1025
e 61 172 9738
e 246 390 3665
e 196 233 2524
e 3 312 9190
e 209 254 2517
e 127 294 4741
e 89 321 3996
e 237 352 9781
e 216 447 5761
e 79 281 520
e 37 168 7654
e 266 401 3503
e 109 414 3374
e 7 443 8810
e 102 357 8063
e 37 171 1320
e 33 119 6089
e 204 482 2111
e 73 311 1052
e 278 467 399
e 344 417 8828
e 443 458 1796
e 324 379 8629
e 172 298 7630
e 30 155 2757
e 126 304 9459
e 114 178 1548
e 20 137 6999
e 349 364 7350
e 284 454 9158
e 47 357 2194
e 130 142 5635
e 221 250 6203
e 147 280 6868
e 270 411 9669
e 359 392 3537
e 202 297 1340
e 103 105 1712
e 77 156 3091
e 294 389 877
e 156 437 7688
e 183 218 7581
e 186 475 7173
e 55 353 1195
e 117 355 7047
e 305 418 8364
e 109 134 180
e 19 122 2819
e 401 454 9173
e 147 279 4963
e 46 133 1727
e 338 357 9623
e 55 253 9368
e 278 279 8386
e 115 379 9750
e 368 474 6573
e 104 287 8868
e 135 184 2765
e 41 178 4614
e 155 378 3467
e 78 191 7701
e 103 291 7463
e 155 384 2423
e 126 184 2914
e 109 265 1219
e 132 482 8726
e 13 90 6268
e 197 374 3849
e 180 274 1053
e 100 356 7690
e 304 403 5507
e 316 457 8098
e 46 140 1518
e 169 394 9286
e 252 344 8024
e 59 136 681
e 441 445 1476
e 51 283 8756
e 152 367 25
e 128 461 172
e 34 471 9518
e 77 100 2529
e 18 414 7894
e 59 96 4140
e 494 500 3622
e 425 493 596
e 45 230 1927
e 153 495 4849
e 494 498 8805
e 56 497 1283
e 57 330 8687
e 166 393 2337
e 228 337 5856
e 37 347 2206
e 94 159 1663
e 8 153 7878
e 169 387 671
e 332 404 2778
e 43 461 6385
e 175 268 4751
e 395 461 8475
e 78 329 2371
e 279 478 1759
e 99 175 5395
e 352 405 8808
e 179 281 650
e 95 387 3181
e 156 310 7731
e 191 280 5129
e 324 384 2881
e 155 293 8637
e 25 376 5186
e 1 232 7247
e 280 295 7959
e 130 383 8831
e 187 460 4883
e 302 410 3484
e 241 372 3494
e 233 372 4818
e 243 285 2172
e 155 500 8908
e 131 484 9843
e 139 421 5098
e 136 221 2108
e 277 458 400
e 60 94 9542
e 27 152 6569
e 446 475 3303
e 26 105 6971
e 145 260 6055
e 41 406 9497
e 285 385 2695
e 70 147 7117
e 290 461 9096
e 193 225 9869
e 22 208 7195
e 274 480 9933
e 246 292 3872
e 80 125 8325
e 183 458 5735
e 39 332 8322
e 131 438 2963
e 414 471 2404
e 130 481 7862
e 258 286 6861
e 402 405 2400
e 180 411 299
e 128 274 9528
e 263 368 968
e 125 424 9755
e 115 230 6761
e 425 437 1835
e 79 197 15
e 410 484 916
e 66 262 8278
e 372 455 7710
e 70 246 1023
e 249 429 1025
e 210 386 7127
e 173 394 4657
e 108 393 9688
e 121 335 9888
e 381 430 4744
e 7 97 285
e 60 202 3127
e 151 475 6491
e 225 432 7087
e 259 450 8106
e 147 357 701
e 151 330 1868
e 237 270 255
e 50 396 3083
e 203 295 1076
e 122 316 7916
e 21 328 642
e 64 274 6806
e 84 247 951
e 65 165 1649
e 53 412 8956
e 47 179 1741
e 33 289 7612
e 323 423 1078
e 205 206 5903
e 306 356 9015
e 261 389 3936
e 35 327 3889
e 3 281 1155
e 12 112 1177
e 250 268 8890
e 15 270 7719
e 95 184 9437
e 101 145 7169
e 458 500 4212
e 304 482 9267
e 187 194 1944
e 280 379 9965
e 131 365 9555
e 295 384 6838
e 41 468 7777
e 72 248 3862
e 28 457 9828
e 259 308 4898
e 170 348 4155
e 63 389 2236
e 62 475 3519
e 392 420 9186
e 152 247 3468
e 8 31 6583
e 177 372 2179
e 300 476 5216
e 303 388 1055
e 451 482 8605
e 31 116 6157
e 319 425 1234
e 90 206 6510
e 370 479 6721
e 36 404 8083
e 57 297 7387
e 149 428 404
e 249 308 5802
e 52 95 723
e 95 274 8594
e 10 355 560
e 136 357 5973
e 71 408 9493
e 38 154 3356
e 12 262 2871
e 137 219 2047
e 261 279 520
e 288 431 7039
e 23 494 5267
e 28 312 5168
e 221 470 4189
e 24 91 4160
e 6 113 9684
e 170 469 2635
e 166 497 4800
e 146 489 4743
e 371 398 3506
e 82 488 1226
e 94 372 8850
e 281 445 768
e 40 122 5559
e 29 216 1605
e 27 162 7895
e 69 449 6984
e 24 212 7447
e 74 141 234
e 42 169 8425
e 204 429 6325
e 181 432 3698
e 123 204 1735
e 144 463 3209
e 60 67 5453
e 60 464 1039
e 30 487 3543
e 55 424 2321
e 323 448 8200
e 240 498 4930
e 47 143 2362
e 449 451 8278
e 133 442 7289
e 274 331 4804
e 295 304 2370
e 20 432 4711
e 82 257 8548
e 33 105 578
e 271 495 3892
e 157 297 8436
e 144 190 2925
e 192 435 7821
e 278 331 8164
e 75 466 4020
e 20 454 3498
e 228 342 1819
e 3 219 7132
e 103 225 2678
e 219 395 2667
e 298 491 9207
e 42 334 2830
e 194 356 7786
e 419 481 4760
e 353 492 2935
e 28 280 3988
e 58 104 6130
e 287 462 1354
e 30 450 358
e 34 395 3093
e 148 496 6196
e 30 32 5740
e 127 439 5866
e 182 309 4967
e 159 251 9113
e 248 377 9288
e 129 428 9816
e 132 174 1652
e 220 431 3418
e 32 157 1777
e 236 335 4674
e 38 345 3156
e 161 465 4268
e 199 341 6092
e 28 146 6117
e 176 323 1606
e 197 380 7303
e 114 274 285
e 317 430 6422
e 176 472 5422
e 57 205 5451
e 125 412 9436
e 46 476 1094
e 302 462 2026
e 46 184 9771
e 8 256 968
e 164 298 4852
e 141 350 8632
e 67 98 7999
e 62 391 8261
e 188 193 9677
e 100 243 8373
e 70 463 9990
e 59 243 5997
e 1 46 2375
e 240 340 458
e 62 246 6462
e 66 95 6825
e 184 340 4117
e 286 414 3586
e 43 49 6826
e 298 461 1277
e 340 399 4798
e 14 140 9231
e 96 486 9537
e 310 384 6610
e 382 419 9128
e 236 382 6855
e 13 14 5798
e 213 365 5721
e 62 267 9349
e 119 440 8253
e 28 124 8441
e 137 338 4178
e 36 159 1178
e 30 338 7186
e 89 115 5583
e 204 347 3593
e 366 450 3476
e 138 189 3422
e 34 179 2545
e 40 104 6691
e 209 435 6238
e 131 166 7987
e 105 462 3002
e 33 438 2425
e 135 210 4835
e 261 292 6268
e 170 375 2717
e 121 201 9463
e 277 299 2204
e 430 454 8482
e 43 358 3646
e 110 441 8390
e 357 458 8014
e 99 107 7957
e 408 489 2502
e 477 488 6187
e 250 460 8223
e 409 445 1711
e 76 220 49
e 76 178 7505
e 223 263 4775
e 460 482 6323
e 34 478 1552
e 117 176 4211
e 74 462 1866
e 101 415 4017
e 144 181 9460
e 105 297 2863
e 410 435 5424
e 307 481 3403
e 73 197 2465
e 196 467 5698
e 207 389 7303
e 230 307 2217
e 206 284 344
e 103 196 6664
e 225 423 2768
e 51 298 7641
e 69 178 9775
e 74 79 4078
e 406 430 9677
e 71 348 561
e 162 249 888
e 357 389 8401
e 170 424 7302
e 312 407 6376
e 109 416 7445
e 73 315 8628
e 189 388 1117
e 189 204 3577
e 443 460 2728
e 95 484 4383
e 264 478 2326
e 278 381 4860
e 303 406 2148
e 187 247 7005
e 296 434 6480
e 57 176 3609
e 206 462 9408
e 122 319 2969
e 195 350 7290
e 335 356 9944
e 41 203 8046
e 12 378 7668
e 270 366 7725
e 231 281 7180
e 84 469 2989
e 56 471 26
e 110 434 6617
e 435 447 4875
e 240 339 8769
e 327 473 2132
e 202 424 7664
e 4 363 7064
e 423 426 8329
e 24 437 3533
e 206 208 767
e 233 309 3971
e 105 410 6887
e 71 336 8854
e 38 43 6088
e 192 253 1910
e 12 409 3342
e 87 188 4844
e 257 382 7126
e 153 213 3300
e 47 266 8540
e 416 448 3396
e 361 435 6439
e 96 367 2041
e 64 319 4326
e 151 465 7662
e 267 421 2863
e 353 453 3644
e 11 407 6600
e 213 391 2712
e 108 118 4706
e 29 40 6146
e 124 439 9657
e 342 435 1903
e 318 412 1705
e 180 221 4609
e 122 258 3062
e 85 110 4880
e 245 322 210
e 8 120 8633
e 204 279 1011
e 50 469 564
e 209 319 6910
e 402 490 9926
e 57 436 1875
e 289 326 3734
e 279 345 7643
e 25 106 8358
e 30 208 2
e 207 368 4472
e 188 281 5621
e 111 171 9149
e 208 225 8109
e 148 327 3570
e 212 300 3887
e 82 331 5495
e 71 254 1065
e 285 291 8095
e 228 242 8031
e 255 274 4854
e 177 233 4873
e 80 284 2079
e 16 220 8462
e 10 146 9108
e 201 288 7347
e 226 258 8191
e 319 479 268
e 256 455 2569
e 65 263 4782
e 86 167 6126
e 131 398 5006
e 61 184 6223
e 13 491 7513
e 53 497 5188
e 171 282 3695
e 229 358 5110
e 54 158 1852
e 315 400 8873
e 10 444 856
e 137 482 5143
e 349 470 5447
e 102 208 8334
e 94 377 8148
e 302 437 4796
e 68 272 3729
e 266 360 5613
e 279 496 1058
e 315 349 5362
e 229 294 1532
e 358 370 9901
e 58 282 3393
e 95 497 8091
e 75 87 7848
e 35 191 6009
e 318 492 1318
e 25 310 8251
e 140 255 4438
e 468 491 5761
e 23 35 1794
e 50 93 5766
e 81 299 915
e 64 395 1912
e 163 323 688
e 276 331 9621
e 377 443 5993
e 65 323 9578
e 172 324 5669
e 231 280 6314
e 100 175 3373
e 279 454 2334
e 179 441 4791
e 398 433 7669
e 228 467 4909
e 118 305 1326
e 145 350 6776
e 313 437 5651
e 215 436 1311
e 314 371 5234
e 170 260 873
e 282 301 3103
e 282 356 4929
e 158 483 4327
e 130 348 1951
e 410 436 6060
e 44 384 8098
e 128 495 9595
e 126 285 2633
e 78 439 9753
e 17 69 2743
e 63 355 7377
e 16 397 7100
e 113 122 4357
e 238 438 6874
e 24 361 1892
e 56 364 7124
e 291 312 7469
e 203 237 6002
e 190 489 1516
e 24 442 3976
e 215 404 5858
e 452 483 8430
e 10 454 9025
e 125 404 9785
e 331 424 7989
e 17 139 1185
e 163 324 1348
e 238 490 5878
e 408 453 9905
e 294 362 3886
e 256 289 905
e 438 457 4500
e 136 249 5328
e 80 249 6765
e 53 196 1493
e 194 345 4870
e 56 380 1047
e 243 423 5960
e 14 49 2972
