c random 500 vertices, 5000 edges, seed = 4
g 500 5000
e 1 2 9694
e 2 3 773
e 1 4 3976
e 4 5 7976
e 3 6 4361
e 5 7 3996
e 6 8 5613
e 7 9 2087
e 3 10 2233
e 1 11 5812
e 11 12 8380
e 3 13 2414
e 2 14 4964
e 12 15 6912
e 10 16 2997
e 6 17 9033
e 2 18 6317
e 15 19 6184
e 7 20 702
e 6 21 5214
e 19 22 641
e 19 23 5354
e 17 24 608
e 9 25 5219
e 19 26 7517
e 20 27 320
e 12 28 8253
e 1 29 8115
e 11 30 5683
e 8 31 2562
e 7 32 7849
e 32 33 242
e 2 34 6544
e 14 35 249
e 22 36 8187
e 9 37 3580
e 19 38 9042
e 23 39 8822
e 31 40 2926
e 31 41 5147
e 38 42 1096
e 27 43 7382
e 43 44 1885
e 43 45 3111
e 27 46 7090
e 8 47 2469
e 25 48 9840
e 6 49 8542
e 36 50 8500
e 14 51 5051
e 34 52 1187
e 33 53 9257
e 47 54 184
e 4 55 6106
e 25 56 6406
e 8 57 8912
e 39 58 1972
e 37 59 7307
e 8 60 9908
e 8 61 8440
e 43 62 766
e 38 63 4733
e 36 64 9316
e 63 65 4466
e 43 66 5731
e 47 67 647
e 55 68 3014
e 9 69 8220
e 14 70 963
e 50 71 2629
e 22 72 5980
e 31 73 9674
e 6 74 651
e 48 75 7564
e 8 76 7270
e 32 77 8719
e 15 78 7952
e 53 79 2184
e 20 80 3733
e 79 81 1591
e 16 82 9526
e 2 83 9384
e 47 84 5780
e 17 85 7744
e 46 86 3042
e 72 87 9502
e 49 88 9032
e 41 89 8897
e 49 90 3292
e 74 91 6254
e 27 92 3683
e 35 93 4711
e 39 94 9652
e 25 95 1479
e 30 96 1338
e 8 97 2361
e 75 98 3718
e 96 99 9545
e 31 100 6010
e 31 101 8919
e 70 102 1911
e 102 103 8212
e 64 104 4219
e 60 105 5520
e 94 106 9632
e 4 107 6645
e 64 108 2053
e 6 109 7034
e 90 110 5778
e 94 111 8877
e 30 112 125
e 19 113 9491
e 47 114 5939
e 77 115 2556
e 90 116 1260
e 17 117 3891
e 59 118 3212
e 114 119 3876
e 65 120 5750
e 104 121 7343
e 25 122 8691
e 39 123 2215
e 117 124 9667
e 42 125 9181
e 45 126 9716
e 95 127 7299
e 107 128 384
e 115 129 2916
e 31 130 8014
e 65 131 1809
e 127 132 2192
e 30 133 8243
e 93 134 9426
e 114 135 8143
e 71 136 7395
e 35 137 5225
e 45 138 1820
e 11 139 3818
e 33 140 3410
e 20 141 8095
e 64 142 1029
e 87 143 8894
e 113 144 2490
e 138 145 8831
e 28 146 5782
e 61 147 4814
e 110 148 1277
e 46 149 3099
e 25 150 5540
e 77 151 3202
e 117 152 7249
e 100 153 4503
e 36 154 2052
e 89 155 7964
e 94 156 6055
e 96 157 2824
e 60 158 8142
e 151 159 2957
e 40 160 4297
e 82 161 7509
e 92 162 7203
e 32 163 271
e 140 164 245
e 115 165 7926
e 4 166 913
e 154 167 5611
e 138 168 2016
e 38 169 9949
e 9 170 844
e 125 171 5279
e 15 172 6104
e 62 173 9911
e 55 174 9006
e 47 175 1823
e 7 176 6601
e 49 177 9411
e 21 178 9791
e 127 179 3140
e 100 180 1783
e 52 181 2196
e 129 182 3283
e 95 183 823
e 145 184 3943
e 108 185 2661
e 4 186 2705
e 152 187 1998
e 23 188 1987
e 71 189 1500
e 121 190 7883
e 22 191 6675
e 93 192 8252
e 17 193 7625
e 18 194 9399
e 95 195 9729
e 114 196 1439
e 152 197 713
e 157 198 1502
e 150 199 1114
e 115 200 2554
e 104 201 3986
e 102 202 5736
e 130 203 6201
e 75 204 4353
e 35 205 4574
e 159 206 8848
e 27 207 8984
e 96 208 7687
e 6 209 7656
e 164 210 557
e 147 211 9075
e 103 212 9477
e 14 213 1078
e 47 214 5181
e 110 215 3776
e 127 216 5557
e 150 217 8643
e 50 218 1228
e 25 219 7119
e 109 220 668
e 94 221 7388
e 178 222 8393
e 39 223 7999
e 35 224 8200
e 125 225 9953
e 212 226 201
e 10 227 7104
e 180 228 7014
e 160 229 8448
e 161 230 6530
e 49 231 4095
e 25 232 6585
e 17 233 6786
e 28 234 3802
e 182 235 8581
e 124 236 7773
e 120 237 2814
e 125 238 8359
e 227 239 1738
e 51 240 3627
e 151 241 2345
e 182 242 5883
e 61 243 461
e 157 244 4422
e 43 245 7658
e 5 246 4996
e 173 247 5480
e 186 248 3925
e 120 249 5706
e 185 250 6556
e 163 251 4286
e 21 252 7188
e 111 253 4118
e 21 254 3408
e 203 255 4331
e 115 256 4448
e 222 257 7815
e 5 258 3391
e 21 259 3938
e 136 260 6339
e 162 261 992
e 11 262 2971
e 40 263 2397
e 217 264 967
e 65 265 2066
e 209 266 2984
e 176 267 6086
e 10 268 8676
e 94 269 4635
e 265 270 1464
e 75 271 9280
e 93 272 7450
e 121 273 2852
e 262 274 5061
e 130 275 2677
e 192 276 4367
e 38 277 1026
e 121 278 6813
e 208 279 947
e 183 280 4753
e 116 281 5061
e 50 282 252
e 72 283 9332
e 41 284 9420
e 280 285 728
e 51 286 829
e 242 287 7032
e 118 288 4422
e 143 289 4253
e 100 290 3221
e 250 291 1041
e 142 292 7728
e 214 293 4229
e 12 294 9675
e 226 295 4201
e 172 296 8297
e 119 297 6053
e 204 298 1956
e 190 299 808
e 37 300 7159
e 220 301 6036
e 22 302 288
e 116 303 9543
e 177 304 7632
e 45 305 3693
e 173 306 3386
e 159 307 3054
e 214 308 3532
e 13 309 3423
e 102 310 2347
e 58 311 8487
e 57 312 8877
e 280 313 598
e 313 314 2853
e 87 315 5789
e 8 316 4878
e 125 317 8504
e 54 318 3719
e 14 319 7077
e 111 320 7186
e 270 321 158
e 260 322 7602
e 153 323 1305
e 161 324 8519
e 176 325 7308
e 51 326 5725
e 257 327 7967
e 295 328 7245
e 10 329 3469
e 329 330 8809
e 169 331 2067
e 165 332 4626
e 142 333 321
e 120 334 1167
e 57 335 2420
e 284 336 4761
e 179 337 9822
e 49 338 8928
e 5 339 4664
e 253 340 1518
e 206 341 9797
e 60 342 1534
e 339 343 4274
e 27 344 9968
e 55 345 3979
e 108 346 887
e 70 347 9471
e 215 348 3916
e 192 349 5676
e 322 350 1977
e 80 351 6809
e 147 352 5883
e 300 353 4531
e 182 354 3072
e 9 355 7251
e 298 356 896
e 339 357 8829
e 324 358 6034
e 246 359 1885
e 288 360 1276
e 314 361 8271
e 5 362 5944
e 107 363 4215
e 204 364 6379
e 257 365 4568
e 354 366 1906
e 140 367 4087
e 144 368 6447
e 62 369 3035
e 308 370 9655
e 346 371 293
e 323 372 8778
e 105 373 987
e 52 374 8535
e 196 375 5700
e 74 376 1550
e 163 377 6570
e 358 378 1759
e 191 379 4433
e 44 380 4203
e 27 381 8062
e 378 382 7939
e 198 383 6115
e 59 384 6468
e 48 385 2079
e 384 386 7554
e 129 387 6292
e 72 388 4036
e 167 389 949
e 101 390 6955
e 206 391 1166
e 292 392 3925
e 107 393 6588
e 381 394 5656
e 322 395 289
e 383 396 265
e 32 397 2697
e 364 398 1654
e 267 399 6115
e 131 400 1149
e 88 401 5302
e 147 402 1385
e 169 403 2794
e 262 404 3433
e 267 405 3834
e 378 406 3790
e 258 407 750
e 293 408 9601
e 284 409 4383
e 384 410 839
e 93 411 6604
e 255 412 9345
e 255 413 9183
e 145 414 4639
e 319 415 1898
e 166 416 2733
e 267 417 807
e 185 418 5643
e 23 419 9084
e 142 420 48
e 364 421 8093
e 298 422 3052
e 100 423 9465
e 251 424 9560
e 173 425 9159
e 352 426 925
e 154 427 7017
e 132 428 9738
e 123 429 5544
e 246 430 1812
e 16 431 2613
e 34 432 5986
e 426 433 9397
e 175 434 2152
e 238 435 5878
e 388 436 1207
e 369 437 5379
e 271 438 6312
e 340 439 7194
e 84 440 8432
e 409 441 7019
e 207 442 1331
e 282 443 7271
e 334 444 4271
e 388 445 1152
e 334 446 181
e 442 447 160
e 407 448 4478
e 145 449 8805
e 154 450 6677
e 256 451 5218
e 390 452 2944
e 343 453 6942
e 331 454 6227
e 283 455 287
e 301 456 3878
e 323 457 2910
e 82 458 6217
e 143 459 9784
e 19 460 9131
e 30 461 8130
e 328 462 267
e 340 463 5829
e 291 464 3720
e 25 465 9224
e 120 466 5173
e 56 467 5126
e 394 468 7473
e 48 469 7204
e 102 470 8185
e 22 471 7011
e 50 472 805
e 53 473 5795
e 468 474 1190
e 451 475 7949
e 31 476 1680
e 206 477 8814
e 326 478 2700
e 254 479 154
e 58 480 8581
e 398 481 9599
e 187 482 2536
e 396 483 5829
e 52 484 8047
e 369 485 3859
e 408 486 5593
e 4 487 3020
e 181 488 9001
e 119 489 2909
e 13 490 1087
e 71 491 5682
e 472 492 204
e 268 493 9208
e 337 494 7193
e 284 495 8044
e 56 496 179
e 271 497 4264
e 45 498 2078
e 88 499 7335
e 113 500 2218
e 65 295 2409
e 80 437 5210
e 176 373 581
e 56 170 2912
e 110 455 927
e 131 218 6176
e 36 322 782
e 24 149 8921
e 173 282 3423
e 443 499 6555
e 117 186 2264
e 138 481 977
e 57 255 7166
e 156 311 599
e 179 290 5284
e 214 404 8756
e 250 276 6164
e 430 474 9256
e 349 466 6545
e 169 180 8536
e 139 278 2542
e 174 266 7725
e 142 415 2254
e 268 369 148
e 230 420 3764
e 381 399 3070
e 383 390 8358
e 128 141 2211
e 140 345 4260
e 393 497 3226
e 242 465 7980
e 447 467 9067
e 91 191 6421
e 290 414 704
e 94 417 837
e 72 103 5069
e 84 195 1975
e 143 431 6462
e 287 408 9537
e 283 329 6234
e 228 308 5186
e 34 230 2228
e 375 479 3566
e 98 435 230
e 1 240 3841
e 38 451 5942
e 181 363 9078
e 14 271 3505
e 284 338 9413
e 21 358 9763
e 64 274 868
e 262 363 6992
e 183 346 9237
e 278 447 7657
e 166 441 544
e 87 186 8437
e 92 262 8306
e 97 147 9551
e 46 352 7487
e 26 74 32
e 385 467 1602
e 164 432 4299
e 11 156 7107
e 91 472 1775
e 279 387 9155
e 284 295 1337
e 98 268 281
e 250 382 2218
e 40 422 5384
e 20 444 2512
e 171 294 7503
e 351 436 8843
e 155 437 9764
e 219 338 325
e 203 460 5435
e 145 193 6787
e 336 427 5457
e 331 437 7396
e 164 238 1163
e 49 111 9610
e 76 362 6266
e 302 432 4546
e 24 483 4283
e 35 358 3666
e 235 446 4242
e 19 72 7605
e 14 94 9888
e 208 414 2119
e 363 418 1913
e 48 192 3657
e 316 444 5046
e 181 342 859
e 180 383 6075
e 23 205 2224
e 307 367 1337
e 2 170 4404
e 172 404 6287
e 287 411 4634
e 109 416 6581
e 170 358 6265
e 86 119 9212
e 351 385 151
e 386 388 6084
e 122 168 5235
e 57 495 8689
e 219 434 40
e 83 493 7394
e 285 383 2704
e 435 486 8088
e 133 206 9592
e 27 333 6763
e 292 361 2659
e 377 441 6530
e 228 323 7105
e 18 236 7834
e 57 199 505
e 196 472 4296
e 149 480 1359
e 2 350 7315
e 10 152 8773
e 330 341 8185
e 73 290 8465
e 255 373 9125
e 219 435 4155
e 343 430 8533
e 57 319 4951
e 85 403 4749
e 92 427 2238
e 202 225 9287
e 72 268 5477
e 293 387 3492
e 259 499 6042
e 198 402 6468
e 135 150 4409
e 177 335 6104
e 118 443 9713
e 86 89 220
e 272 400 3928
e 280 431 8425
e 85 485 7414
e 333 422 2498
e 72 396 8449
e 143 330 2644
e 295 462 5154
e 335 378 5520
e 82 483 3185
e 304 312 526
e 297 304 4285
e 212 298 8679
e 203 215 9824
e 134 438 2798
e 124 296 2810
e 178 377 2401
e 290 304 1004
e 73 335 9529
e 182 381 8756
e 4 149 6576
e 357 372 7300
e 346 419 3265
e 63 154 1552
e 117 292 2873
e 256 427 903
e 285 429 6353
e 5 357 3917
e 234 500 6587
e 241 333 5847
e 162 368 2962
e 270 381 3219
e 168 440 8444
e 217 271 8073
e 204 404 9640
e 60 182 3328
e 55 459 9345
e 134 250 659
e 36 471 4723
e 321 428 6702
e 165 451 6005
e 350 460 3833
e 39 228 1645
e 154 476 7206
e 107 429 5406
e 319 467 6418
e 180 249 6294
e 60 134 1765
e 4 328 6583
e 77 356 8530
e 245 330 7939
e 3 476 3479
e 70 295 9180
e 92 305 1514
e 349 415 4627
e 6 179 7680
e 301 380 9025
e 183 288 4591
e 56 148 6869
e 18 225 4680
e 236 401 896
e 158 444 173
e 125 387 9876
e 264 398 7586
e 83 228 4483
e 20 380 2207
e 250 408 4153
e 376 391 7960
e 213 386 8008
e 11 285 1146
e 53 338 5367
e 2 266 8020
e 445 496 9835
e 5 323 504
e 25 274 4298
e 123 324 7550
e 61 193 93
e 166 495 9671
e 292 411 8421
e 94 140 8733
e 200 293 3040
e 30 219 1214
e 132 477 1111
e 255 265 9690
e 18 353 5275
e 164 211 5410
e 149 443 1993
e 16 248 193
e 361 396 5409
e 205 442 2504
e 51 249 229
e 113 161 6959
e 122 289 319
e 128 484 9124
e 297 446 8788
e 17 228 5213
e 326 499 2492
e 167 441 3556
e 110 156 1793
e 140 227 6733
e 308 394 3320
e 230 251 1252
e 133 402 5850
e 27 463 305
e 324 481 8713
e 235 273 6071
e 8 108 1911
e 25 132 4624
e 387 412 2057
e 175 460 954
e 64 136 3384
e 204 242 3304
e 9 315 8535
e 112 440 2699
e 43 475 3703
e 120 248 1303
e 218 296 4310
e 260 413 4988
e 135 329 5770
e 97 266 9669
e 73 347 4930
e 426 462 4880
e 349 375 5339
e 399 415 4720
e 305 321 2362
e 144 434 1476
e 61 434 6818
e 221 299 9636
e 353 382 5378
e 237 475 9727
e 144 362 4291
e 106 206 5329
e 410 443 9753
e 58 274 1441
e 264 371 6079
e 139 471 9950
e 316 409 2366
e 118 260 7265
e 134 296 7988
e 327 461 9514
e 258 348 1029
e 109 218 9899
e 164 386 9699
e 326 489 4073
e 76 306 669
e 141 173 4546
e 311 435 3083
e 13 272 8565
e 36 76 9526
e 45 191 5546
e 156 317 582
e 88 117 4542
e 297 479 5751
e 209 269 6281
e 337 457 9076
e 133 212 4081
e 14 206 2582
e 158 263 4746
e 73 247 4492
e 302 332 591
e 224 248 2472
e 25 115 5447
e 63 216 3877
e 382 465 6099
e 88 240 8815
e 82 299 291
e 37 177 8966
e 56 225 522
e 380 473 7112
e 78 139 5881
e 60 123 1519
e 367 383 4743
e 166 474 8237
e 82 86 4092
e 170 398 1679
e 435 464 4120
e 206 449 2343
e 145 163 8307
e 45 266 9556
e 173 286 6021
e 37 65 3125
e 98 378 5646
e 352 494 8127
e 250 400 5138
e 42 129 3024
e 63 109 8891
e 351 469 5468
e 250 416 8426
e 403 500 6988
e 35 263 5628
e 261 335 9409
e 14 367 8412
e 209 307 239
e 12 405 8796
e 147 451 4265
e 129 424 6752
e 29 437 4782
e 263 350 6650
e 299 441 2839
e 88 314 9655
e 173 417 2408
e 245 338 8771
e 465 489 561
e 50 321 5751
e 77 404 9607
e 120 318 4735
e 268 431 1701
e 301 317 8253
e 61 200 6494
e 324 332 2254
e 337 410 7808
e 347 475 2537
e 18 418 102
e 23 67 5227
e 75 99 6950
e 186 187 2944
e 377 428 5990
e 165 473 8015
e 327 465 7580
e 125 245 6115
e 272 402 919
e 275 437 3509
e 51 318 5349
e 234 298 5419
e 4 346 300
e 124 246 9551
e 417 459 6201
e 10 485 8449
e 242 422 4830
e 338 391 4844
e 152 478 4048
e 123 317 7408
e 160 227 9379
e 337 413 7247
e 392 420 9895
e 32 246 5954
e 55 235 6357
e 362 405 4770
e 392 433 5865
e 266 423 5585
e 16 153 2624
e 56 239 204
e 42 393 6132
e 174 493 1381
e 362 395 767
e 135 351 5457
e 307 308 3370
e 33 320 3011
e 64 230 6476
e 281 321 6219
e 15 367 8581
e 42 138 4838
e 1 371 297
e 135 307 7047
e 195 317 45
e 162 411 7592
e 149 336 1355
e 353 430 8186
e 199 221 7349
e 114 383 9143
e 79 178 3286
e 42 109 4003
e 8 114 4353
e 327 433 4916
e 407 471 9890
e 196 489 5941
e 60 286 9545
e 197 397 4904
e 301 437 4029
e 206 448 2664
e 329 481 5346
e 20 23 3101
e 309 353 503
e 181 188 4341
e 97 99 8131
e 310 412 6434
e 59 289 9078
e 49 187 3142
e 19 48 5615
e 52 197 3140
e 88 169 7037
e 108 458 5510
e 238 489 443
e 7 100 1677
e 214 330 1546
e 149 261 4083
e 326 493 7848
e 395 414 940
e 316 394 9249
e 16 42 50
e 76 77 5591
e 339 473 9237
e 45 148 605
e 460 490 1115
e 213 461 2553
e 74 289 9314
e 53 204 66
e 263 320 800
e 219 305 2224
e 19 52 3019
e 164 258 1275
e 133 476 7819
e 82 359 6777
e 302 475 6155
e 294 307 9656
e 273 437 666
e 367 472 6981
e 27 335 5263
e 148 264 4033
e 241 335 228
e 241 485 3402
e 208 360 1244
e 221 480 1054
e 5 364 48
e 223 468 1548
e 209 410 6149
e 313 424 7179
e 56 183 8607
e 20 271 8529
e 160 261 8270
e 149 375 502
e 239 409 1490
e 227 358 8828
e 140 409 1070
e 119 155 8523
e 193 418 9280
e 234 488 5451
e 278 425 9038
e 12 219 5902
e 397 460 7005
e 300 314 4522
e 180 399 565
e 313 476 5840
e 269 466 5651
e 126 338 7470
e 242 267 374
e 86 238 5055
e 65 81 4268
e 306 466 9893
e 116 360 5087
e 4 434 706
e 46 395 6826
e 300 335 4951
e 74 130 6801
e 63 147 7766
e 55 306 2927
e 60 360 5507
e 238 490 346
e 93 295 4106
e 293 374 3822
e 304 307 2103
e 104 305 513
e 148 370 1647
e 79 355 5698
e 62 127 5148
e 16 208 649
e 7 265 9168
e 465 480 9736
e 25 463 9251
e 261 369 1674
e 211 427 7474
e 9 143 2696
e 40 253 746
e 171 470 5031
e 146 455 4370
e 4 308 534
e 108 250 6072
e 139 246 9613
e 55 341 80
e 113 436 3757
e 8 500 9091
e 303 311 3378
e 10 27 9079
e 130 494 5719
e 200 414 8253
e 290 489 2435
e 227 334 4850
e 132 469 8357
e 219 331 7526
e 439 489 1626
e 188 477 2873
e 131 495 5010
e 190 422 1209
e 210 398 9017
e 6 486 9685
e 172 338 5956
e 362 477 1355
e 191 248 6359
e 28 189 7747
e 112 282 1312
e 193 312 9812
e 5 209 7229
e 153 335 2089
e 27 45 7431
e 107 347 6905
e 86 168 1987
e 82 312 5524
e 206 216 3520
e 82 200 3861
e 261 327 7517
e 4 253 3716
e 24 330 2016
e 98 210 8934
e 2 211 8917
e 295 314 3774
e 31 251 1817
e 146 432 9701
e 154 160 3336
e 167 417 4690
e 25 189 1567
e 206 346 8857
e 274 416 7867
e 391 427 9402
e 181 307 4646
e 140 193 6241
e 63 433 9641
e 159 424 9765
e 111 351 1528
e 163 386 8493
e 198 286 8379
e 50 351 3616
e 6 145 7429
e 13 74 2321
e 273 353 7829
e 61 374 4522
e 358 439 5056
e 401 427 437
e 248 325 8246
e 106 185 8059
e 288 459 554
e 330 500 7383
e 51 101 304
e 167 298 7985
e 74 370 7553
e 15 135 1077
e 42 361 361
e 17 283 6164
e 217 236 3080
e 118 215 7008
e 155 206 6226
e 150 400 5625
e 298 403 3839
e 326 343 79
e 96 344 3530
e 350 476 4511
e 114 184 6749
e 9 289 2165
e 359 394 2151
e 137 333 8213
e 400 446 955
e 127 349 8681
e 99 157 5275
e 119 376 505
e 69 260 2074
e 160 202 639
e 49 345 2608
e 180 403 3040
e 32 234 3579
e 123 493 8632
e 34 337 5424
e 267 296 2140
e 95 326 9107
e 11 376 8022
e 221 272 1007
e 39 264 8515
e 27 448 9032
e 483 490 4468
e 19 401 8366
e 68 269 721
e 259 357 785
e 223 412 6380
e 217 268 3364
e 183 325 1748
e 81 138 7545
e 1 181 4980
e 118 335 1333
e 120 450 7260
e 152 440 6882
e 30 280 7073
e 151 488 8726
e 126 316 9662
e 213 308 2751
e 298 377 9734
e 359 377 6962
e 257 337 6651
e 179 448 8912
e 6 274 8452
e 81 456 3685
e 145 367 6223
e 45 392 3221
e 286 335 6688
e 268 477 7082
e 30 462 9230
e 12 160 6683
e 210 217 24
e 309 427 7730
e 14 147 4456
e 58 168 141
e 294 415 3518
e 108 319 992
e 307 400 6691
e 13 367 6978
e 155 212 2266
e 6 230 4403
e 31 152 7106
e 29 380 8575
e 4 82 9203
e 105 354 909
e 191 467 7346
e 31 122 2895
e 174 260 595
e 133 158 6028
e 109 339 6052
e 296 318 7076
e 112 321 9542
e 153 170 8862
e 202 476 1988
e 332 461 2037
e 5 161 9735
e 8 53 6113
e 351 471 4790
e 54 108 967
e 4 309 9493
e 267 358 2246
e 27 493 623
e 80 144 6369
e 70 174 1398
e 263 347 4687
e 305 418 3303
e 283 319 7886
e 113 460 8042
e 13 33 1146
e 143 434 4284
e 87 481 9270
e 251 430 5264
e 35 190 7078
e 120 200 1782
e 38 421 678
e 327 409 8476
e 86 198 2587
e 119 346 1515
e 55 130 8491
e 96 321 9596
e 168 392 1698
e 265 369 9430
e 17 278 7597
e 79 402 1684
e 20 123 9567
e 362 428 1744
e 89 421 7429
e 24 487 6585
e 334 365 790
e 189 398 5243
e 151 175 9884
e 41 464 9624
e 13 369 5948
e 70 338 4145
e 62 240 7778
e 129 184 8947
e 158 396 3058
e 117 464 5284
e 153 160 6825
e 107 417 9464
e 240 303 1097
e 164 447 8095
e 150 378 2520
e 56 260 3567
e 321 444 7501
e 9 45 9452
e 80 90 369
e 93 423 3764
e 11 480 1573
e 43 108 9074
e 237 353 1315
e 47 385 2232
e 263 431 780
e 267 428 2551
e 41 451 7554
e 267 362 4868
e 11 162 6842
e 124 358 8320
e 39 473 6473
e 238 471 5342
e 25 84 6662
e 334 476 1387
e 99 267 1266
e 315 362 3422
e 244 485 9037
e 181 373 1401
e 217 342 2274
e 248 490 4530
e 493 495 7697
e 132 201 3396
e 131 389 3403
e 19 439 6624
e 242 360 9201
e 86 195 357
e 32 50 5977
e 90 200 9492
e 32 367 8941
e 22 28 7748
e 17 471 6862
e 66 226 5826
e 459 482 8403
e 85 90 6544
e 121 150 4142
e 94 169 2333
e 223 244 6197
e 163 373 4501
e 11 261 4370
e 275 375 9585
e 24 465 6676
e 321 493 1606
e 99 402 6910
e 267 409 1553
e 18 115 3773
e 24 454 3589
e 276 280 9264
e 47 298 4151
e 218 349 8002
e 365 395 8358
e 201 479 9443
e 97 140 8934
e 313 397 2665
e 288 349 5601
e 35 298 8596
e 109 125 684
e 6 345 3652
e 31 377 245
e 53 185 2821
e 60 231 6916
e 307 449 4717
e 28 173 7198
e 100 341 5823
e 13 386 5276
e 234 364 879
e 31 394 2486
e 143 317 3582
e 194 209 4872
e 151 462 3270
e 40 219 7693
e 251 330 4964
e 35 369 9333
e 96 184 3828
e 450 463 4118
e 217 269 1131
e 426 467 3637
e 284 299 3736
e 249 315 4628
e 166 183 2005
e 15 59 4780
e 115 429 4000
e 143 208 727
e 38 371 6266
e 181 497 9970
e 251 379 7930
e 253 291 1915
e 1 299 0
e 295 495 8589
e 77 141 3043
e 231 373 5832
e 181 327 9809
e 14 215 1701
e 143 156 2742
e 188 314 9806
e 54 67 8306
e 90 137 2730
e 187 321 6994
e 377 424 5706
e 179 227 4525
e 3 349 1097
e 253 442 3437
e 294 346 4925
e 58 135 5154
e 199 232 3733
e 324 497 4520
e 205 491 8705
e 184 230 8700
e 141 292 2188
e 180 306 617
e 65 346 4166
e 71 251 9114
e 266 387 6013
e 185 353 6844
e 62 437 1488
e 144 328 9220
e 71 416 4154
e 58 440 6448
e 338 355 3416
e 185 491 9430
e 447 458 6226
e 334 428 5199
e 112 220 1276
e 269 406 4466
e 167 407 1451
e 312 315 869
e 335 383 4596
e 278 394 2595
e 95 295 707
e 102 462 1335
e 277 451 7820
e 446 472 7485
e 280 303 7281
e 80 470 9562
e 484 499 5087
e 226 319 647
e 165 481 7465
e 214 380 5005
e 103 281 999
e 294 311 1711
e 446 498 8027
e 70 93 8234
e 192 479 1071
e 26 187 792
e 157 180 8547
e 322 331 3972
e 381 457 6786
e 5 82 9395
e 78 169 9482
e 151 190 3729
e 163 227 1843
e 296 454 4935
e 204 415 2857
e 105 412 818
e 142 470 949
e 328 341 3408
e 86 142 7380
e 122 388 7663
e 83 255 3051
e 70 198 3239
e 191 259 84
e 285 339 4906
e 62 484 2251
e 105 461 2660
e 37 150 150
e 87 264 8586
e 203 292 8473
e 63 487 7650
e 154 469 38
e 40 238 4901
e 128 386 9377
e 26 169 7310
e 250 341 9553
e 22 179 6941
e 1 398 5620
e 314 351 9559
e 358 487 5124
e 4 13 7197
e 36 424 6529
e 18 229 9040
e 241 396 1511
e 44 253 1357
e 126 169 10
e 28 279 5576
e 84 345 2505
e 245 371 5333
e 80 267 8750
e 130 435 3422
e 356 446 8249
e 225 291 7076
e 29 213 5063
e 192 256 191
e 103 310 3354
e 12 339 4019
e 65 474 134
e 91 240 5334
e 282 473 48
e 38 159 4934
e 67 371 5012
e 246 271 6668
e 54 228 8279
e 12 105 6898
e 366 412 5275
e 203 300 5121
e 275 288 4659
e 252 324 1000
e 413 430 7701
e 117 263 2108
e 101 320 6391
e 348 363 582
e 40 281 9808
e 97 397 1923
e 240 451 9724
e 134 377 9695
e 75 241 6442
e 53 399 2796
e 37 226 8986
e 219 225 8150
e 54 196 3510
e 208 238 6475
e 179 313 7095
e 7 49 9287
e 211 243 4907
e 46 180 3583
e 92 366 9148
e 159 183 9153
e 263 384 5095
e 177 381 9801
e 47 452 5799
e 37 121 1725
e 59 219 632
e 56 292 2168
e 60 269 4067
e 261 452 509
e 69 146 4604
e 201 412 6521
e 17 156 7574
e 373 474 7319
e 37 38 2041
e 193 204 2884
e 371 394 3575
e 163 381 2902
e 43 460 6545
e 42 355 1508
e 260 339 3594
e 299 433 1731
e 70 289 1994
e 102 234 3610
e 186 378 2544
e 275 495 7513
e 191 471 6398
e 190 283 1788
e 185 258 7997
e 339 392 1400
e 96 330 4539
e 85 301 6975
e 163 356 4423
e 34 212 2623
e 52 128 9176
e 13 498 3490
e 38 82 6041
e 245 289 8570
e 138 305 2835
e 213 405 605
e 290 442 3479
e 36 354 1799
e 172 336 4158
e 432 475 1250
e 136 319 8424
e 158 179 3025
e 158 335 2302
e 189 350 6258
e 1 369 7849
e 335 466 4829
e 196 329 650
e 52 343 668
e 147 280 4995
e 102 136 9535
e 185 323 5201
e 318 411 6694
e 297 432 2197
e 87 105 2806
e 249 330 5516
e 308 490 9433
e 157 223 2116
e 275 402 7913
e 116 151 334
e 287 396 2443
e 185 229 3477
e 139 399 5517
e 286 427 580
e 93 384 9360
e 394 442 4739
e 73 207 7674
e 49 158 8230
e 268 375 2819
e 226 405 1712
e 78 457 3164
e 110 295 8368
e 32 350 5553
e 8 166 201
e 268 275 574
e 114 187 5895
e 279 324 7398
e 202 405 8039
e 179 457 4865
e 145 377 3965
e 392 500 1218
e 227 494 1568
e 222 389 4695
e 62 187 9325
e 52 192 6041
e 218 284 2247
e 60 390 2656
e 59 314 607
e 304 457 5993
e 73 101 6964
e 148 244 6920
e 269 305 1150
e 23 34 3381
e 202 338 2004
e 333 446 8842
e 34 404 931
e 50 170 1340
e 92 282 5582
e 15 93 2915
e 107 278 7034
e 108 416 9157
e 194 331 5998
e 371 451 5608
e 173 488 65
e 57 131 5613
e 443 485 3269
e 136 350 4543
e 196 360 473
e 324 446 9651
e 362 430 9623
e 134 232 766
e 289 390 1212
e 115 202 1791
e 208 404 8609
e 204 454 7964
e 158 399 6969
e 36 379 446
e 130 156 797
e 276 414 3403
e 102 364 3737
e 312 354 5718
e 248 434 3123
e 290 422 4950
e 133 265 1339
e 120 347 3029
e 316 426 8918
e 191 384 657
e 14 326 3178
e 182 415 2593
e 308 410 8363
e 60 339 6510
e 197 487 1449
e 184 268 319
e 18 174 2622
e 13 159 1658
e 58 176 8813
e 226 425 9279
e 424 441 9659
e 8 492 1651
e 51 217 6881
e 51 119 6787
e 202 298 1272
e 340 459 8665
e 392 403 1852
e 40 264 4963
e 238 245 6521
e 4 154 5174
e 456 488 9884
e 338 409 9795
e 26 228 7940
e 99 428 1610
e 140 171 886
e 48 283 5197
e 329 332 5754
e 13 111 9042
e 112 367 1142
e 70 78 9342
e 124 129 3374
e 138 476 274
e 308 497 5626
e 102 410 9582
e 372 435 4945
e 347 353 6202
e 203 458 2684
e 55 276 66
e 41 394 2692
e 72 200 9018
e 247 293 1260
e 223 349 4880
e 2 169 451
e 82 347 1585
e 1 496 8851
e 34 355 211
e 173 237 9446
e 406 464 7920
e 203 279 4477
e 238 287 3985
e 150 399 8164
e 137 294 1502
e 175 348 1501
e 334 483 7062
e 112 352 1562
e 257 295 2265
e 90 312 137
e 230 487 5388
e 214 464 9661
e 94 181 8497
e 369 452 3779
e 85 122 8578
e 446 481 4722
e 193 233 5644
e 59 284 1050
e 213 255 7006
e 79 429 4723
e 201 203 3978
e 347 357 1376
e 78 197 5365
e 283 441 2011
e 63 326 8277
e 331 340 7335
e 103 149 7941
e 216 245 5947
e 61 412 9157
e 105 415 4057
e 67 380 4155
e 118 432 5230
e 137 385 5344
e 30 195 4454
e 74 403 231
e 486 498 3443
e 181 185 5794
e 225 470 4899
e 215 304 877
e 269 332 3054
e 46 184 7344
e 243 393 5640
e 4 157 1099
e 143 152 9562
e 45 432 9400
e 174 274 2342
e 197 346 4443
e 282 376 5492
e 35 386 9500
e 66 389 9263
e 4 273 4470
e 9 467 4135
e 218 297 807
e 235 259 3044
e 21 244 94
e 323 409 7756
e 209 367 3960
e 109 384 7029
e 144 424 686
e 83 124 3367
e 147 480 3823
e 55 106 7260
e 29 152 1950
e 219 339 5651
e 20 230 8602
e 273 277 8857
e 164 334 884
e 35 371 234
e 250 461 9634
e 358 445 9733
e 123 259 2056
e 164 347 154
e 7 393 6061
e 264 430 5590
e 362 449 3258
e 56 110 2349
e 175 353 4763
e 93 309 3632
e 224 373 9401
e 367 461 4428
e 225 369 9931
e 241 375 5082
e 47 372 8925
e 277 359 1737
e 118 262 3445
e 25 468 2977
e 296 475 7693
e 79 107 4893
e 243 265 7710
e 146 399 1042
e 35 349 1478
e 160 263 1661
e 107 374 4616
e 52 261 6668
e 302 353 1803
e 89 231 477
e 301 438 9190
e 6 185 6924
e 235 375 4919
e 346 469 1395
e 219 287 9803
e 24 410 9364
e 81 279 7997
e 288 377 2744
e 103 247 7737
e 150 497 937
e 83 371 8068
e 57 414 3515
e 143 240 641
e 209 359 9484
e 15 404 13
e 142 379 8831
e 449 486 4750
e 219 456 9759
e 178 197 5746
e 85 176 4728
e 140 462 1248
e 146 207 3758
e 80 93 1678
e 214 475 831
e 428 449 9826
e 358 436 4264
e 154 315 5871
e 38 456 3277
e 339 382 9906
e 368 431 9834
e 375 453 9246
e 394 466 642
e 245 281 6510
e 257 374 4595
e 84 436 5252
e 260 488 5508
e 97 322 3113
e 119 148 9567
e 325 418 6446
e 26 96 5456
e 205 355 6736
e 83 179 4277
e 86 460 5139
e 113 325 6182
e 370 427 4677
e 280 407 6161
e 37 346 7897
e 416 472 9415
e 459 481 4436
e 69 472 3184
e 57 68 4663
e 147 369 1147
e 196 419 9744
e 26 242 136
e 241 393 9528
e 319 481 2283
e 269 270 7027
e 48 431 5531
e 161 471 910
e 287 488 8181
e 42 499 9364
e 43 490 3811
e 313 372 6987
e 353 456 6688
e 119 402 8483
e 431 489 2721
e 63 210 1057
e 159 348 858
e 62 109 7157
e 70 339 3317
e 43 76 2794
e 73 178 8630
e 148 335 3207
e 298 468 6925
e 20 440 7425
e 27 261 6539
e 6 372 298
e 119 230 2927
e 348 422 3042
e 103 367 1311
e 208 213 4036
e 192 465 4940
e 63 278 1283
e 4 46 5244
e 52 429 2631
e 160 358 7061
e 224 340 1730
e 145 154 5811
e 56 295 5695
e 220 422 3458
e 236 457 6857
e 359 404 9512
e 257 456 384
e 55 421 3773
e 24 41 5943
e 481 488 6452
e 160 238 241
e 78 426 1446
e 162 479 4222
e 153 456 3107
e 10 192 654
e 211 437 9182
e 275 316 7650
e 192 339 2782
e 403 428 2626
e 194 349 3807
e 3 240 7483
e 44 225 9359
e 238 328 8332
e 31 232 4984
e 299 304 4693
e 448 449 7208
e 52 465 107
e 168 180 3163
e 23 272 7487
e 306 448 8350
e 69 248 8447
e 267 366 3677
e 288 335 7269
e 117 151 4143
e 400 489 2777
e 48 248 807
e 245 433 3489
e 62 368 7786
e 57 497 751
e 114 194 731
e 73 85 1478
e 379 480 8409
e 9 366 3908
e 129 389 3724
e 41 374 983
e 123 164 505
e 1 195 6660
e 99 326 5945
e 182 366 6964
e 58 209 2868
e 297 492 7291
e 63 494 6851
e 338 382 6656
e 36 394 7132
e 391 395 1310
e 317 333 8940
e 227 321 6976
e 343 375 3596
e 193 294 8242
e 65 76 7055
e 96 262 5833
e 202 488 150
e 46 100 4247
e 105 231 5264
e 360 382 5018
e 105 278 7756
e 112 407 1512
e 62 407 7912
e 15 47 5668
e 360 469 5134
e 164 321 1030
e 18 343 7234
e 53 178 1897
e 391 499 473
e 51 200 1597
e 160 262 88
e 126 183 5119
e 56 291 4830
e 230 421 4516
e 280 439 6732
e 66 458 6478
e 214 317 5873
e 86 100 214
e 153 245 5311
e 254 406 3732
e 31 38 4087
e 138 359 6075
e 101 193 7900
e 337 442 7631
e 145 405 3396
e 3 348 271
e 379 388 6114
e 81 497 644
e 148 411 5225
e 313 454 590
e 365 494 3600
e 185 378 7606
e 78 349 6275
e 68 484 5473
e 322 352 388
e 25 326 9239
e 36 345 2602
e 371 488 2910
e 127 195 7363
e 127 156 9970
e 101 337 485
e 114 123 2270
e 30 283 3565
e 418 448 2444
e 110 490 3072
e 79 352 5073
e 416 437 9046
e 138 312 4508
e 68 297 8016
e 4 215 3392
e 96 150 951
e 289 460 7833
e 102 244 5480
e 15 278 7246
e 250 305 3970
e 32 406 803
e 129 289 6031
e 256 445 9432
e 117 259 4321
e 25 69 5553
e 320 482 5200
e 40 398 3824
e 88 321 2045
e 72 148 1005
e 312 491 8530
e 55 113 2724
e 107 268 1069
e 92 429 3525
e 300 419 9474
e 220 475 5291
e 139 426 4976
e 393 436 4209
e 37 394 4306
e 115 368 1719
e 148 345 2055
e 28 53 2890
e 72 173 3334
e 77 389 7649
e 66 122 3135
e 222 391 7278
e 236 497 3279
e 165 430 8518
e 143 424 9938
e 254 285 7857
e 122 296 8994
e 170 409 7612
e 131 257 8842
e 255 330 497
e 166 179 8086
e 56 315 2449
e 87 250 1855
e 365 403 8676
e 222 266 1279
e 212 396 5302
e 300 336 257
e 128 410 2798
e 305 498 8989
e 102 428 5452
e 11 24 4096
e 127 368 1094
e 35 468 5837
e 145 215 1747
e 265 408 5659
e 273 470 3628
e 64 362 221
e 23 278 1118
e 192 193 9247
e 18 121 2391
e 32 143 4084
e 170 191 9946
e 315 387 5955
e 81 485 9842
e 236 496 7042
e 31 137 5077
e 317 386 7371
e 218 318 7585
e 84 227 9140
e 299 332 1855
e 214 285 9775
e 209 388 6819
e 137 394 4476
e 93 123 3516
e 291 485 9749
e 71 270 6464
e 182 488 8081
e 180 389 4600
e 183 463 256
e 262 491 4492
e 175 259 4995
e 22 435 5606
e 73 191 4771
e 111 476 284
e 197 495 6042
e 89 278 6580
e 85 143 6363
e 395 478 9100
e 349 353 5930
e 10 88 135
e 35 245 1753
e 331 444 4344
e 197 363 121
e 21 97 9695
e 41 367 8503
e 21 353 9169
e 13 437 5341
e 236 351 9058
e 113 431 7649
e 115 305 5810
e 147 200 4668
e 296 456 4209
e 348 455 3349
e 258 334 605
e 282 283 7893
e 243 258 6459
e 164 271 8800
e 447 482 4809
e 455 478 1744
e 345 452 6267
e 11 116 6205
e 282 292 9932
e 172 362 6570
e 85 174 4872
e 258 275 4812
e 379 442 3419
e 95 189 4411
e 104 207 4475
e 25 358 2474
e 78 410 1696
e 93 278 2691
e 151 402 8847
e 160 341 2346
e 244 474 9788
e 164 407 871
e 226 486 1943
e 289 324 2976
e 69 164 1117
e 89 90 1180
e 270 436 3357
e 64 239 3618
e 208 330 9392
e 9 313 7696
e 16 345 5902
e 180 315 1925
e 189 374 1699
e 55 255 6297
e 145 441 5154
e 241 255 4304
e 8 178 1641
e 247 255 947
e 17 453 5221
e 253 425 8893
e 219 368 5285
e 16 312 9032
e 30 492 5432
e 177 406 1888
e 34 99 2946
e 50 166 1211
e 214 368 3125
e 170 229 8733
e 151 282 2431
e 98 199 9611
e 137 374 7593
e 392 473 9979
e 418 476 9836
e 300 485 5877
e 83 291 8758
e 57 103 7647
e 200 205 8772
e 323 399 342
e 157 171 9483
e 106 444 2127
e 151 216 6969
e 200 226 7584
e 352 367 977
e 173 298 4462
e 181 182 697
e 115 273 4513
e 116 276 4415
e 213 457 7527
e 66 486 5798
e 115 320 4391
e 166 317 4549
e 14 142 4910
e 331 474 2711
e 121 152 7205
e 128 228 9428
e 46 158 6919
e 38 439 1482
e 337 396 6769
e 275 403 4937
e 300 316 2491
e 344 436 5798
e 323 471 3839
e 89 157 3669
e 334 356 3221
e 143 481 5290
e 97 190 1544
e 304 402 5273
e 39 172 4795
e 301 348 3611
e 367 500 2150
e 343 493 2603
e 52 56 7142
e 197 255 1655
e 163 179 3241
e 193 255 571
e 39 332 2120
e 224 406 9168
e 33 164 963
e 228 421 6297
e 82 282 1629
e 111 417 3644
e 26 466 2252
e 425 474 3683
e 284 355 7817
e 5 151 6898
e 129 499 9086
e 332 446 5047
e 195 328 6516
e 135 401 1645
e 72 476 3775
e 304 433 109
e 247 297 2611
e 234 268 6687
e 39 263 9325
e 361 468 284
e 250 272 9450
e 32 61 5845
e 136 310 4133
e 130 149 8664
e 201 345 7456
e 299 450 4849
e 8 69 4753
e 42 437 9154
e 93 234 6916
e 209 405 7746
e 74 243 3633
e 95 384 9822
e 102 135 8957
e 100 353 4977
e 317 331 1296
e 183 441 1713
e 248 424 6375
e 47 400 6495
e 33 324 4131
e 128 478 4851
e 115 415 2838
e 309 484 265
e 111 430 5476
e 339 499 2202
e 93 414 5000
e 34 491 2962
e 173 398 7820
e 226 423 9948
e 247 385 8123
e 38 110 8505
e 119 340 1822
e 154 379 4630
e 44 441 6522
e 34 469 5179
e 41 56 462
e 420 492 7463
e 72 431 599
e 5 15 5180
e 167 322 7829
e 63 261 9265
e 39 174 4509
e 87 454 7113
e 348 420 1922
e 464 470 75
e 334 395 7017
e 198 366 414
e 69 417 779
e 369 480 3810
e 26 352 4212
e 19 427 6563
e 170 258 7635
e 117 118 3562
e 144 228 8973
e 178 492 836
e 11 164 6067
e 14 47 5571
e 18 494 4624
e 78 364 1479
e 191 487 3507
e 208 497 9756
e 355 361 9404
e 418 430 5852
e 166 460 2197
e 112 214 9082
e 203 286 5744
e 165 243 8164
e 15 132 6001
e 234 278 6257
e 79 197 5183
e 8 424 2864
e 398 429 778
e 147 205 2221
e 280 429 8680
e 226 500 5293
e 134 144 4195
e 187 196 8908
e 38 409 1388
e 358 461 5086
e 278 387 3379
e 266 292 2323
e 92 402 2763
e 147 498 1985
e 241 343 8991
e 315 355 6734
e 198 224 8127
e 306 358 2642
e 119 239 7305
e 166 478 9640
e 292 359 7985
e 376 499 6583
e 303 374 8763
e 309 375 7511
e 165 435 6638
e 212 389 7319
e 390 470 1236
e 411 477 7663
e 165 219 5095
e 26 377 3240
e 95 153 8334
e 66 121 5215
e 206 399 6475
e 120 201 819
e 200 307 95
e 271 398 4854
e 163 168 6564
e 272 451 2985
e 117 278 9089
e 321 377 118
e 20 99 309
e 204 380 7484
e 29 42 6181
e 107 492 5558
e 205 267 8937
e 316 382 5345
e 181 236 8568
e 385 445 1664
e 248 396 6665
e 473 482 162
e 104 119 9242
e 388 448 5014
e 142 159 1880
e 121 182 641
e 11 284 4353
e 17 394 7526
e 15 191 798
e 66 128 6643
e 124 385 9164
e 38 495 6313
e 326 477 4715
e 338 423 255
e 175 475 8715
e 106 343 402
e 370 438 9180
e 6 122 7965
e 255 496 656
e 52 138 3155
e 159 302 8039
e 72 453 7564
e 83 252 5082
e 172 203 1787
e 200 270 5405
e 144 473 3750
e 134 221 9915
e 247 491 8181
e 158 404 6326
e 186 247 4404
e 358 468 3012
e 329 472 4552
e 58 118 5980
e 368 427 368
e 32 178 9223
e 241 421 3200
e 216 435 3426
e 127 259 3709
e 433 466 734
e 82 134 5069
e 183 251 8758
e 275 443 9028
e 139 340 5160
e 9 425 650
e 298 442 8800
e 67 424 6308
e 305 396 4396
e 43 88 1991
e 280 466 5751
e 63 363 2761
e 145 408 9361
e 430 494 6518
e 136 467 7329
e 441 472 5655
e 344 377 8150
e 2 147 9863
e 176 498 7583
e 16 159 1315
e 138 436 3216
e 207 279 3027
e 74 215 8475
e 284 393 4408
e 4 475 4593
e 145 480 2195
e 36 314 9956
e 157 319 9646
e 51 261 293
e 303 319 4952
e 80 372 6327
e 152 413 2529
e 441 460 2236
e 451 492 1020
e 116 471 6983
e 41 192 5487
e 103 159 2381
e 156 279 9168
e 86 399 3302
e 46 265 3203
e 217 375 4924
e 197 389 2326
e 207 416 1244
e 161 284 8007
e 142 205 7501
e 188 448 365
e 118 123 6558
e 21 38 5312
e 157 329 3234
e 185 301 485
e 61 140 1169
e 14 171 8781
e 258 265 3980
e 338 438 1122
e 139 173 2520
e 152 272 4083
e 109 244 9347
e 316 447 6845
e 263 489 4110
e 139 337 2453
e 98 202 4610
e 30 213 7503
e 273 481 1483
e 27 500 9194
e 303 444 3490
e 212 347 7797
e 176 320 7649
e 351 486 9494
e 98 374 5830
e 105 451 7044
e 378 438 4475
e 114 496 1910
e 26 339 4039
e 110 233 3960
e 160 375 1232
e 132 308 6766
e 128 479 5883
e 27 40 7282
e 59 293 5299
e 236 285 5154
e 330 355 7092
e 363 385 5217
e 30 321 3821
e 271 333 9001
e 104 394 40
e 24 342 8433
e 253 355 2587
e 194 225 967
e 385 437 6475
e 171 490 1493
e 435 483 3153
e 169 396 189
e 41 257 3957
e 67 282 3912
e 275 453 3221
e 295 403 1382
e 45 376 7572
e 44 311 9798
e 88 161 1832
e 152 237 7932
e 212 266 1667
e 155 440 8565
e 220 280 782
e 288 356 932
e 109 349 4987
e 358 423 2483
e 214 346 9556
e 349 478 5286
e 100 343 2496
e 215 259 2537
e 392 439 8065
e 437 487 517
e 56 202 1337
e 233 328 1915
e 23 317 5007
e 406 470 2182
e 159 491 1348
e 74 261 6337
e 286 356 2284
e 314 316 6316
e 267 359 3322
e 152 181 367
e 81 493 4488
e 176 454 4639
e 353 483 6723
e 44 359 7117
e 7 29 5504
e 259 365 4009
e 99 354 2421
e 20 78 2644
e 31 210 4673
e 222 312 419
e 270 294 9155
e 156 222 1564
e 15 103 5688
e 251 416 8132
e 48 205 3796
e 402 416 5001
e 76 166 8903
e 60 436 7603
e 184 351 7880
e 208 268 379
e 29 375 9531
e 315 457 8241
e 47 261 6060
e 213 235 1386
e 90 320 4315
e 37 94 6467
e 175 299 6619
e 365 420 7693
e 287 402 3518
e 205 495 2294
e 34 183 8510
e 3 399 4474
e 182 253 7025
e 73 217 5612
e 117 161 8831
e 208 254 3060
e 358 402 3115
e 81 419 9795
e 254 375 1618
e 232 242 6025
e 145 155 3869
e 117 267 8995
e 1 81 2687
e 216 436 8793
e 100 389 5084
e 150 367 9218
e 439 440 9571
e 239 452 6419
e 24 387 7057
e 190 318 7251
e 203 467 4011
e 195 237 6063
e 379 456 9615
e 95 300 4414
e 359 497 2332
e 34 384 7365
e 478 484 1434
e 138 392 6936
e 352 428 6911
e 44 455 4027
e 168 225 1368
e 386 461 1413
e 392 456 3384
e 52 281 6684
e 29 145 3165
e 101 111 3028
e 40 236 2638
e 138 495 3772
e 86 310 8584
e 158 331 2634
e 346 363 4903
e 2 186 219
e 225 414 9256
e 37 336 93
e 424 466 9476
e 155 499 3816
e 41 228 3928
e 281 360 9262
e 168 370 3945
e 210 322 6364
e 31 355 3270
e 180 475 8283
e 81 252 7369
e 148 421 5003
e 170 326 7135
e 189 260 6485
e 165 379 6126
e 168 416 257
e 191 388 9165
e 459 469 8619
e 278 390 5574
e 217 227 6845
e 231 348 6693
e 2 254 3565
e 358 433 2502
e 50 247 8025
e 94 374 8019
e 240 448 670
e 222 305 6485
e 66 365 6775
e 208 340 3635
e 283 498 6329
e 41 236 5761
e 211 367 8888
e 25 328 8802
e 25 254 2107
e 353 441 9567
e 178 332 5962
e 64 456 143
e 78 462 2939
e 194 375 4703
e 101 436 3594
e 17 436 4084
e 110 453 6253
e 118 258 7632
e 109 178 4780
e 55 487 9754
e 170 250 8852
e 36 269 3428
e 47 468 147
e 46 126 3725
e 29 406 7483
e 192 318 9572
e 172 222 3666
e 219 294 5137
e 143 387 4838
e 209 394 3090
e 336 489 9155
e 114 263 2793
e 411 443 361
e 1 14 408
e 273 358 3855
e 273 315 4818
e 29 101 2904
e 364 430 5244
e 106 464 3948
e 55 110 2191
e 168 413 4148
e 21 243 1364
e 28 344 4156
e 205 292 2169
e 56 64 1068
e 193 260 9757
e 131 331 9712
e 177 247 945
e 50 309 396
e 27 52 4598
e 219 256 5710
e 12 251 1621
e 107 197 8167
e 36 443 1951
e 146 413 4231
e 184 323 6326
e 104 273 4985
e 152 192 9972
e 87 213 6375
e 378 495 871
e 69 391 7657
e 30 32 8242
e 280 404 2152
e 367 447 9707
e 164 231 8422
e 251 417 1095
e 113 220 3830
e 48 254 1625
e 16 452 795
e 30 447 1817
e 448 462 5698
e 8 496 6622
e 213 294 5634
e 67 183 7312
e 209 252 4820
e 181 321 7695
e 296 356 3001
e 261 444 1182
e 46 309 2081
e 122 158 9631
e 148 475 6164
e 150 186 1425
e 71 396 3466
e 153 199 2601
e 140 258 362
e 398 451 4037
e 146 159 6542
e 13 355 1549
e 81 312 5141
e 20 347 9705
e 298 480 7926
e 151 281 6927
e 113 418 8295
e 299 454 2487
e 153 391 4744
e 29 461 591
e 207 305 2863
e 135 475 9745
e 129 212 6923
e 164 416 4060
e 289 452 555
e 88 115 3752
e 110 425 4945
e 19 243 3818
e 119 233 7905
e 148 313 4721
e 61 144 1451
e 282 310 4730
e 176 296 8487
e 115 476 8139
e 198 437 8341
e 182 205 2552
e 218 356 6257
e 12 157 1090
e 393 415 9621
e 115 324 9112
e 405 432 9465
e 167 349 8748
e 276 480 6698
e 156 216 2663
e 219 280 5403
e 213 265 9510
e 35 177 9067
e 347 480 4376
e 283 425 9220
e 53 132 5682
e 44 210 9390
e 137 143 6643
e 36 157 4367
e 93 287 1374
e 29 239 3246
e 181 320 4070
e 294 488 3360
e 45 240 2027
e 318 385 1413
e 40 289 4696
e 285 423 7343
e 303 390 1712
e 156 402 1585
e 197 316 8031
e 228 379 9770
e 115 417 4481
e 152 427 3566
e 115 122 942
e 334 467 4315
e 249 341 8299
e 102 162 6592
e 319 412 7759
e 193 346 9428
e 30 233 4763
e 303 462 6274
e 62 463 8005
e 208 283 1220
e 243 425 2866
e 169 390 5748
e 63 90 4483
e 410 452 4037
e 104 463 7183
e 43 440 7461
e 86 472 7711
e 85 305 1367
e 122 151 7755
e 378 471 8260
e 47 437 5757
e 223 378 6883
e 193 373 877
e 120 164 9819
e 41 442 382
e 347 396 6440
e 163 340 5058
e 134 361 2957
e 39 178 3636
e 75 426 4955
e 158 167 5823
e 140 166 7583
e 198 389 9783
e 25 192 5264
e 90 341 912
e 484 496 3504
e 392 405 2598
e 96 319 2
e 99 232 3263
e 186 383 8270
e 35 182 2183
e 217 325 1120
e 113 322 5786
e 33 134 5667
e 226 386 2541
e 240 307 2437
e 39 463 6900
e 149 333 1432
e 274 410 4598
e 487 497 4632
e 43 386 6464
e 141 490 8594
e 323 428 5447
e 164 190 6156
e 22 159 6375
e 39 364 7813
e 194 440 392
e 3 166 5152
e 181 440 6358
e 242 476 6311
e 35 184 6720
e 9 300 155
e 68 244 9438
e 107 226 5155
e 4 275 3242
e 12 446 7898
e 480 482 1910
e 54 487 3142
e 300 325 7717
e 153 292 4707
e 180 435 6008
e 316 492 9523
e 115 483 3140
e 19 318 9414
e 381 471 6140
e 170 261 683
e 338 448 4993
e 81 343 8521
e 339 422 3272
e 17 349 7842
e 189 348 9763
e 21 469 6700
e 294 448 2231
e 114 179 560
e 185 472 4992
e 109 161 6131
e 157 377 2327
e 191 375 1967
e 378 466 2406
e 334 355 3646
e 169 262 6160
e 309 324 8100
e 373 483 4577
e 138 394 4433
e 199 365 4604
e 74 164 5813
e 347 369 9800
e 181 323 84
e 323 336 8615
e 65 229 1947
e 140 404 3831
e 332 361 6837
e 169 211 9999
e 263 374 9370
e 70 293 2725
e 52 262 5820
e 4 222 2359
e 188 476 4253
e 414 439 2761
e 308 344 794
e 77 217 2851
e 408 478 3244
e 124 143 7428
e 258 430 1208
e 42 222 6480
e 226 403 6384
e 442 445 3516
e 257 451 7288
e 127 322 6043
e 81 307 5343
e 166 283 9804
e 282 426 2932
e 431 468 3639
e 108 207 7286
e 3 270 750
e 194 216 5601
e 93 430 9694
e 343 484 5783
e 9 317 5028
e 362 447 4322
e 292 360 1112
e 101 464 6799
e 308 417 6742
e 122 315 9979
e 59 318 8298
e 279 380 4086
e 118 300 360
e 149 247 5192
e 100 106 1098
e 77 130 7168
e 112 153 9610
e 119 156 7070
e 189 355 405
e 383 421 8595
e 97 438 2437
e 164 332 9775
e 165 238 8364
e 184 416 2885
e 177 480 8476
e 149 179 3094
e 129 211 565
e 268 389 6432
e 25 264 1303
e 91 388 871
e 453 498 7917
e 83 196 552
e 145 428 3868
e 146 280 866
e 172 421 2188
e 72 255 3508
e 9 126 8772
e 229 253 3692
e 132 357 221
e 261 463 3316
e 362 440 5578
e 45 414 9019
e 145 185 7353
e 122 148 8805
e 157 207 7395
e 311 322 2885
e 315 407 65
e 278 480 4392
e 41 438 8976
e 55 464 9868
e 83 424 6878
e 435 479 9264
e 262 264 6649
e 124 477 5332
e 46 330 5000
e 318 369 2061
e 102 494 2955
e 10 102 1508
e 80 357 5410
e 326 329 2644
e 19 53 6343
e 1 422 9878
e 126 181 1999
e 222 476 4947
e 284 427 3848
e 51 150 4182
e 128 353 9199
e 51 270 7101
e 17 237 512
e 336 400 9651
e 294 315 3943
e 274 349 1821
e 262 461 4789
e 3 28 3821
e 229 387 2560
e 31 176 9466
e 160 242 788
e 326 407 8388
e 252 419 7543
e 451 489 2406
e 103 271 1284
e 56 351 1946
e 114 326 8321
e 270 357 8184
e 47 389 3503
e 204 386 9111
e 41 272 7640
e 47 201 24
e 109 324 6187
e 118 132 6950
e 333 459 2917
e 244 310 5460
e 209 462 68
e 297 452 6339
e 112 283 2653
e 78 435 3039
e 149 337 3759
e 252 334 7045
e 97 157 6100
e 327 495 7883
e 142 165 9673
e 167 211 7677
e 311 440 7443
e 216 470 5977
e 419 476 5701
e 103 201 1072
e 179 487 5183
e 317 417 211
e 236 500 1527
e 59 66 206
e 133 325 2581
e 286 470 2928
e 18 53 7751
e 99 493 2531
e 249 432 4943
e 116 150 3866
e 7 439 9919
e 171 423 384
e 197 297 632
e 42 407 4299
e 330 431 5462
e 197 446 5367
e 63 468 6907
e 19 198 1503
e 317 373 6588
e 349 380 9001
e 196 278 7608
e 145 450 4643
e 331 488 8880
e 89 463 7787
e 272 441 2448
e 108 166 2753
e 61 269 132
e 149 323 7683
e 27 182 234
e 9 275 9059
e 82 414 6881
e 173 457 4915
e 34 83 4230
e 100 108 4509
e 55 88 4884
e 31 135 5427
e 18 465 7336
e 51 387 9848
e 162 491 8549
e 173 412 8716
e 18 327 7036
e 170 341 2198
e 270 356 3343
e 251 389 4116
e 93 420 2341
e 277 316 4474
e 82 258 8922
e 247 461 5592
e 40 474 3649
e 95 417 5965
e 28 422 3762
e 127 488 4917
e 281 500 3011
e 105 481 772
e 91 94 201
e 175 335 5027
e 94 341 2599
e 7 395 4157
e 150 201 9412
e 64 173 8733
e 359 389 2732
e 153 256 3609
e 163 309 9590
e 143 373 986
e 284 329 4682
e 316 392 2662
e 436 468 4170
e 127 397 5462
e 338 346 4415
e 177 196 7247
e 151 469 7633
e 138 259 5303
e 67 493 5217
e 56 465 8131
e 139 325 4008
e 211 419 4342
e 11 184 8902
e 26 45 6156
e 83 351 3880
e 162 182 2409
e 387 464 2331
e 41 469 8937
e 122 356 7096
e 108 307 7427
e 85 392 632
e 276 360 3833
e 315 349 2252
e 347 367 2867
e 2 203 9211
e 224 420 2440
e 263 436 1216
e 141 450 7113
e 158 390 6655
e 288 433 333
e 160 239 4166
e 299 475 6321
e 70 340 7393
e 209 400 2380
e 29 330 1758
e 290 500 1105
e 270 454 2531
e 198 493 2779
e 127 302 6046
e 347 479 6680
e 225 243 1964
e 57 179 2532
e 245 498 4374
e 374 432 2604
e 161 235 7680
e 129 204 9781
e 185 391 4548
e 45 103 1129
e 400 418 8827
e 410 484 4845
e 180 239 4766
e 57 60 2831
e 4 413 6712
e 18 25 6974
e 107 248 5581
e 93 146 5547
e 119 345 1600
e 122 346 962
e 216 440 7483
e 252 339 6547
e 92 460 620
e 342 489 6828
e 87 128 2717
e 237 324 9996
e 32 458 1475
e 72 102 1377
e 231 395 8908
e 190 371 4970
e 116 498 8018
e 1 164 9934
e 244 249 9656
e 228 348 7170
e 75 393 2031
e 31 141 8145
e 262 367 9906
e 216 391 1316
e 258 401 8909
e 129 256 826
e 193 498 7404
e 193 202 2746
e 183 378 2165
e 198 307 874
e 348 368 900
e 68 120 4417
e 372 373 8833
e 11 340 8298
e 357 449 5857
e 311 430 138
e 161 434 6084
e 314 397 5360
e 235 342 8098
e 77 396 699
e 142 462 9039
e 201 420 3859
e 75 195 360
e 22 486 7550
e 275 477 2645
e 132 486 8049
e 94 483 8804
e 56 384 3898
e 155 313 1559
e 200 393 4956
e 221 280 4527
e 224 496 4647
e 141 374 9651
e 49 147 4700
e 32 369 7300
e 47 126 4233
e 37 141 6642
e 350 433 1366
e 261 487 1969
e 14 113 739
e 211 270 4396
e 128 419 6614
e 22 123 1841
e 246 316 9877
e 164 440 3595
e 232 356 6051
e 235 480 1500
e 4 489 1293
e 144 147 9483
e 140 190 6932
e 185 303 6932
e 147 258 4567
e 76 137 6214
e 181 252 9737
e 28 414 6108
e 182 310 6470
e 250 479 432
e 88 356 4279
e 12 268 2422
e 329 345 4048
e 234 266 190
e 278 477 7440
e 53 264 8636
e 307 348 7496
e 122 434 9243
e 325 459 2493
e 22 289 4632
e 114 257 8003
e 228 287 6601
e 144 296 9625
e 434 497 2775
e 143 157 8349
e 433 473 905
e 280 324 4534
e 83 415 6072
e 268 417 6928
e 75 461 8350
e 316 460 9436
e 91 372 8154
e 163 180 5824
e 184 413 8304
e 386 446 3442
e 136 308 3628
e 228 245 1832
e 332 357 6052
e 59 164 6060
e 227 241 125
e 459 495 6313
e 85 427 2693
e 20 79 5361
e 86 173 6872
e 142 225 2794
e 203 492 1561
e 125 445 2025
e 80 465 8820
e 26 302 5189
e 199 485 7058
e 204 408 1490
e 377 392 8419
e 102 239 5116
e 414 429 8170
e 221 279 5446
e 46 332 943
e 248 348 8266
e 149 377 8367
e 366 381 9994
e 121 455 9916
e 290 444 475
e 34 293 3817
e 191 327 5436
e 238 365 4631
e 162 455 1357
e 376 497 9953
e 23 185 9287
e 230 452 7152
e 21 75 7608
e 75 312 22
e 393 408 8991
e 287 384 5711
e 239 464 5046
e 69 271 1389
e 156 180 4881
e 60 70 8760
e 324 363 1980
e 109 440 559
e 53 303 6092
e 24 298 2502
e 188 460 1633
e 260 291 2140
e 192 360 2586
e 388 393 5021
e 100 136 2152
e 79 326 6041
e 161 314 2080
e 10 348 6477
e 55 490 8561
e 71 222 3245
e 250 320 8118
e 132 320 5962
e 93 109 1500
e 241 453 510
e 71 329 1562
e 123 421 7249
e 113 338 7511
e 47 304 1376
e 64 327 1029
e 40 388 2368
e 59 152 6393
e 363 463 3001
e 10 275 4361
e 243 444 5571
e 451 457 9189
e 8 230 5698
e 38 259 7049
e 220 357 9801
e 28 37 661
e 187 373 7614
e 264 498 9636
e 183 324 5027
e 13 131 9813
e 82 349 7893
e 7 74 4088
e 26 394 4744
e 112 401 2755
e 167 201 4789
e 28 385 655
e 319 405 9191
e 181 423 4297
e 280 440 7265
e 357 420 6267
e 231 296 8860
e 311 340 8990
e 303 478 9460
e 6 347 5525
e 317 471 2286
e 17 385 2980
e 2 115 3775
e 358 359 5177
e 41 279 9934
e 152 224 756
e 256 320 4805
e 186 222 2657
e 214 456 5096
e 18 292 7016
e 383 441 3291
e 63 418 461
e 97 458 44
e 6 424 9980
e 226 488 7055
e 194 294 414
e 258 330 8507
e 185 189 2419
e 144 468 8743
e 425 480 1425
e 367 432 7529
e 399 443 6613
e 12 221 525
e 82 393 8630
e 28 447 4300
e 104 367 7839
e 130 451 1170
e 154 453 8470
e 30 118 4474
e 140 145 446
e 243 431 7329
e 133 183 1704
e 350 457 7140
e 164 182 6475
e 64 375 9257
e 214 499 3783
e 184 325 985
e 172 481 869
e 183 211 2791
e 115 366 9276
e 361 395 3905
e 172 211 5014
e 63 289 2357
e 83 114 903
e 335 449 5311
e 308 322 7428
e 25 55 246
e 86 243 404
e 227 339 5205
e 83 441 2722
e 354 384 390
e 170 373 4026
e 329 412 1464
e 85 323 6429
e 302 383 6863
e 88 372 1298
e 364 400 1532
e 32 116 8609
e 9 397 5103
e 26 305 6675
e 351 417 7087
e 135 324 7037
e 87 120 2424
e 89 496 4198
e 105 360 8017
e 231 307 5309
e 3 61 8183
e 13 203 841
e 5 275 6126
e 292 346 3084
e 330 425 2763
e 159 171 2881
e 477 495 7505
e 82 317 3191
e 284 320 8412
e 78 307 3769
e 449 479 24
e 132 186 9100
e 69 348 3777
e 58 380 1014
e 54 467 55
e 54 153 8317
e 88 494 1895
e 303 437 802
e 456 473 3532
e 248 256 7951
e 143 337 1565
e 455 472 5076
e 9 14 4991
e 16 194 1492
e 320 348 8560
e 99 193 3107
e 77 464 2240
e 73 330 1409
e 160 280 282
e 350 406 2634
e 274 434 85
e 20 438 5460
e 4 457 7924
e 234 389 4483
e 298 419 4065
e 103 459 5881
e 222 421 4961
e 175 491 3469
e 348 424 4016
e 14 205 7310
e 205 337 974
e 200 499 6205
e 87 209 8278
e 160 338 7340
e 48 497 2792
e 208 398 4259
e 5 117 9534
e 300 461 4990
e 6 215 7325
e 54 343 7473
e 288 475 8599
e 103 275 2583
e 123 271 6761
e 211 384 720
e 276 323 6401
e 342 343 6393
e 17 263 2074
e 29 238 5505
e 208 329 305
e 184 313 5999
e 129 287 2470
e 295 356 8661
e 139 332 7278
e 450 485 5196
e 69 247 9325
e 50 423 7273
e 146 149 1040
e 94 237 9992
e 37 129 4057
e 64 473 7736
e 281 315 4130
e 5 182 6588
e 366 396 2822
e 92 353 8284
e 442 493 4298
e 274 333 7779
e 276 342 5283
e 91 201 2212
e 52 162 5499
e 199 306 7165
e 1 390 6374
e 388 430 5463
e 38 53 5735
e 130 371 3162
e 46 416 745
e 149 404 6930
e 88 267 3102
e 157 492 3518
e 143 464 8941
e 162 323 6962
e 60 266 4298
e 425 449 1095
e 49 175 2854
e 67 201 5951
e 182 432 7124
e 201 276 7620
e 140 212 3110
e 52 215 2331
e 350 477 966
e 356 474 234
e 327 484 1421
e 22 394 1239
e 117 424 9998
e 295 494 7562
e 63 451 831
e 260 365 2384
e 122 264 6082
e 212 311 5628
e 192 497 2701
e 309 412 3587
e 320 384 3466
e 122 170 7171
e 128 418 3015
e 170 296 1399
e 48 242 2336
e 18 322 6915
e 288 408 9211
e 248 456 4339
e 343 467 8207
e 6 483 5660
e 123 301 4083
e 42 48 9177
e 11 176 672
e 170 281 6215
e 407 429 3561
e 125 218 506
e 46 375 4276
e 53 456 4761
e 86 431 3740
e 112 442 3306
e 187 275 6616
e 61 167 2187
e 344 471 2636
e 335 495 7758
e 127 209 7433
e 54 380 5953
e 453 492 6230
e 406 437 4400
e 17 19 6841
e 105 356 8263
e 450 471 7312
e 87 390 1641
e 232 344 9739
e 85 138 1281
e 43 171 7279
e 91 333 7784
e 34 296 6399
e 145 453 445
e 365 423 2180
e 210 496 3888
e 202 336 3383
e 117 388 1205
e 13 373 186
e 210 497 9026
e 74 335 817
e 88 293 4071
e 46 329 5503
e 259 281 7274
e 322 327 9909
e 261 440 1071
e 126 443 4059
e 131 424 6592
e 361 462 525
e 58 84 3704
e 23 387 5103
e 99 407 453
e 164 251 435
e 128 298 9655
e 470 487 5688
e 372 438 9144
e 67 185 7885
e 130 239 8143
e 208 349 5420
e 23 245 8042
e 14 28 9695
e 92 223 1213
e 323 467 2882
e 306 389 3654
e 122 181 134
e 36 362 2420
e 373 466 2728
e 1 414 3543
e 123 363 3160
e 328 480 4789
e 281 425 7791
e 51 204 9918
e 114 483 7916
e 84 476 9604
e 193 223 5666
e 156 209 6965
e 28 437 6268
e 253 450 641
e 168 184 6506
e 409 494 193
e 340 394 498
e 4 94 5286
e 81 151 8335
e 280 473 8791
e 4 264 5294
e 357 481 339
e 98 445 2795
e 146 292 742
e 13 261 9001
e 207 443 1861
e 315 360 1313
e 65 241 6144
e 221 408 5378
e 32 457 3062
e 374 434 4030
e 206 244 3394
e 124 264 6828
e 10 251 7071
e 239 249 6072
e 444 454 2281
e 84 454 7592
e 155 278 1599
e 49 310 9977
e 30 44 2160
e 86 489 4809
e 55 321 2540
e 329 357 1954
e 227 500 1408
e 71 202 6676
e 68 374 8494
e 15 194 2606
e 277 431 3577
e 173 190 237
e 230 327 7617
e 31 439 5486
e 27 254 7975
e 18 354 656
e 211 349 3238
e 247 466 3216
e 49 53 9350
e 7 466 5025
e 413 451 4751
e 371 374 2309
e 172 218 140
e 197 264 633
e 345 448 7332
e 44 341 4459
e 297 349 2283
e 62 494 7135
e 90 140 8752
e 380 432 4345
e 52 359 7456
e 24 97 2043
e 254 293 5821
e 82 489 1860
e 74 236 583
e 384 442 256
e 85 280 1595
e 220 405 6968
e 273 338 3034
e 303 449 1507
e 26 491 7783
e 84 194 4685
e 81 332 3764
e 108 149 4743
e 283 492 4876
e 4 280 3344
e 60 292 8039
e 170 437 2940
e 233 410 6425
e 91 366 2798
e 140 487 7783
e 76 495 8208
e 10 120 6661
e 179 493 8204
e 19 184 4252
e 68 132 5915
e 84 132 4453
e 170 465 7659
e 272 311 6013
e 470 478 568
e 194 323 2960
e 103 116 137
e 92 120 31
e 233 288 7000
e 149 399 956
e 424 431 6989
e 147 493 9376
e 36 101 643
e 65 479 4113
e 32 42 963
e 95 456 1727
e 82 215 9855
e 5 81 639
e 122 342 8103
e 42 175 282
e 35 469 7058
e 81 396 7934
e 244 488 6789
e 36 468 5060
e 151 305 2620
e 36 337 7805
e 294 310 6194
e 44 482 7162
e 286 384 5156
e 467 471 5726
e 248 364 6235
e 105 172 8149
e 67 366 2980
e 401 492 5827
e 139 481 1336
e 98 241 2930
e 63 169 3797
e 42 263 357
e 172 477 8206
e 8 340 2255
e 149 192 4677
e 467 495 8868
e 73 181 8839
e 111 216 9787
e 102 121 5297
e 60 81 8676
e 233 270 7288
e 37 191 6587
e 89 495 8165
e 439 500 7785
e 230 470 8465
e 96 264 3949
e 215 373 2788
e 84 225 8316
e 35 313 9413
e 39 76 3963
e 99 310 3574
e 161 186 8103
e 361 471 7572
e 110 222 6136
e 387 389 3042
e 402 485 7177
e 219 484 2061
e 176 195 8622
e 233 297 7549
e 361 445 6994
e 134 481 2102
e 125 498 2525
e 119 259 8759
e 138 451 4962
e 159 419 7396
e 58 359 388
e 376 384 1727
e 293 485 4744
e 115 144 6524
e 157 309 5001
e 26 183 6174
e 113 395 2060
e 144 402 9621
e 7 223 7978
e 87 447 8720
e 266 376 1266
e 19 450 8710
e 103 440 1765
e 12 166 3153
e 449 495 7060
e 242 388 7680
e 81 276 9979
e 297 416 1290
e 67 170 723
e 74 499 7001
e 110 383 9307
e 32 55 3535
e 133 208 3888
e 149 212 7493
e 8 206 2987
e 447 495 3219
e 361 497 9826
e 10 64 8620
e 227 390 3656
e 8 199 6548
e 26 55 8589
e 62 83 1587
e 176 427 5910
e 133 407 563
e 99 177 4736
e 419 425 5852
e 48 236 9869
e 141 338 8137
e 332 460 6137
e 10 291 6690
e 68 351 8650
e 70 417 38
e 299 388 9457
e 191 325 6809
e 230 379 9237
e 40 372 938
e 371 438 641
e 259 457 9626
e 14 58 1616
e 170 243 5142
e 234 239 8248
e 127 295 5525
e 352 391 6727
e 10 406 3826
e 164 419 6817
e 53 349 5381
e 160 406 5345
e 274 487 1989
e 346 486 5179
e 9 469 2946
e 58 416 6412
e 128 212 9240
e 10 154 7132
e 176 370 3208
e 12 313 2199
e 210 434 1165
e 166 490 9152
e 219 497 793
e 78 254 1380
e 266 490 22
e 29 41 3569
e 257 480 7332
e 54 240 2095
e 199 237 9708
e 196 484 1246
e 361 362 8630
e 137 246 7680
e 279 481 9022
e 231 425 9562
e 181 410 7825
e 39 298 2498
e 195 469 3756
e 107 488 2227
e 76 169 3400
e 34 330 5431
e 125 310 2790
e 16 191 8714
e 87 251 2164
e 175 204 2287
e 259 395 9849
e 76 181 9679
e 112 314 5505
e 113 470 9299
e 72 389 563
e 232 253 2255
e 367 414 9627
e 155 322 9339
e 27 268 9845
e 93 245 2865
e 204 301 9761
e 91 498 595
e 71 295 2517
e 287 313 8312
e 320 399 8147
e 145 347 2219
e 16 337 83
e 91 497 2740
e 124 498 7019
e 97 173 9893
e 38 218 1102
e 139 431 4940
e 224 270 5516
e 271 359 3763
e 173 387 5572
e 58 398 4278
e 420 467 4693
e 71 461 6278
e 7 369 5333
e 40 500 8517
e 204 211 7953
e 267 297 3430
e 346 396 3737
e 174 189 5511
e 27 287 2788
e 342 427 9991
e 98 484 4541
e 16 370 4907
e 47 230 6547
e 237 262 4965
e 72 330 9440
e 343 426 6745
e 133 381 6307
e 132 386 6869
e 235 462 81
e 165 182 7455
e 342 365 8719
e 50 70 2829
e 306 485 7328
e 52 209 3622
e 277 385 253
e 302 379 1551
e 55 377 5276
e 1 278 7108
e 69 101 6980
e 147 159 314
e 10 369 9096
e 155 445 9165
e 128 308 3629
e 233 339 864
e 164 423 6895
e 181 425 9
e 20 169 3309
e 178 214 198
e 49 217 6771
e 103 322 2295
e 109 450 9554
e 210 424 1114
e 235 465 2034
e 115 140 4679
e 441 477 556
e 101 476 7375
e 82 102 2918
e 49 270 8109
e 196 414 9324
e 189 453 5149
e 5 106 9886
e 18 309 4397
e 182 227 1181
e 154 181 7918
e 204 220 7081
e 30 94 9643
e 253 368 6532
e 396 434 7131
e 149 223 7424
e 32 377 9850
e 262 447 5602
e 185 191 2486
e 22 101 4214
e 139 491 4532
e 338 385 6133
e 118 405 3600
e 37 497 1020
e 7 300 5465
e 49 186 331
e 27 313 3274
e 344 371 3422
e 220 246 5135
e 148 235 6523
e 120 153 6369
e 240 316 6300
e 285 343 1598
e 133 462 9738
e 212 371 2326
e 243 324 6775
e 206 439 6388
e 142 300 9416
e 40 356 7132
e 340 407 290
e 47 463 4741
e 171 399 316
e 16 374 6041
e 93 280 1017
e 92 455 4668
e 229 350 1079
e 120 191 79
e 209 437 6297
e 51 402 723
e 262 263 6750
e 88 399 3258
e 120 280 6314
e 29 176 9298
e 23 257 6120
e 76 217 5428
e 168 499 5363
e 32 326 4484
e 26 258 915
e 171 419 8310
e 151 271 2296
e 163 463 8544
e 26 388 8002
e 401 406 6651
e 73 238 4285
e 406 494 5842
e 71 183 4157
e 282 383 8199
e 324 347 4893
e 173 220 4323
e 149 400 5049
e 365 382 3799
e 223 500 3839
e 20 116 6250
e 65 271 3769
e 46 240 2764
e 53 341 6135
e 257 352 4478
e 15 246 8244
e 78 274 2549
e 206 355 9147
e 281 458 2278
e 44 260 6299
e 118 409 8578
e 213 473 3169
e 135 176 666
e 175 480 1314
e 38 487 5779
e 24 473 1272
e 319 359 2144
e 39 405 2980
e 178 322 5817
e 351 411 2064
e 217 349 3098
e 50 190 5004
e 349 436 3083
e 250 267 5450
e 170 474 3359
e 385 413 8115
e 12 34 8852
e 235 348 7073
e 220 281 6905
e 92 483 4060
e 174 221 5912
e 217 280 3390
e 279 439 7930
e 11 208 2675
e 3 352 1240
e 279 450 8707
e 22 414 2865
e 279 351 9556
e 162 295 1986
e 215 382 7041
e 304 420 1713
e 215 409 233
e 241 487 9104
e 100 480 6432
e 118 414 5090
e 322 381 2958
e 92 349 6769
e 109 425 2406
e 81 270 4691
e 34 92 3204
e 273 361 1209
e 197 414 2809
e 115 300 2567
e 55 449 3084
e 170 234 1677
e 154 401 6204
e 195 410 3698
e 302 330 1874
e 173 326 4905
e 237 460 8560
e 133 394 8344
e 356 458 749
e 35 262 7356
e 415 472 4637
e 14 413 8934
e 333 392 2839
e 93 176 9160
e 130 373 7678
e 401 420 2934
e 27 193 3040
e 91 150 3725
e 117 145 411
e 152 473 1284
e 88 458 1113
e 333 384 1606
e 46 204 4674
e 28 388 2911
e 132 337 9649
e 274 380 1901
e 472 478 6130
e 360 467 4703
e 159 488 324
e 69 486 8893
e 80 288 8836
e 17 404 4437
e 149 315 3437
e 55 448 9271
e 333 404 6839
e 238 410 2268
e 237 359 5731
e 382 496 9901
e 171 362 7921
e 87 451 1554
e 96 245 5792
e 42 351 5671
e 195 382 5907
e 329 340 3297
e 120 272 6869
e 38 392 7934
e 207 218 7047
e 193 320 1402
e 80 461 4941
e 409 497 363
e 99 357 3652
e 91 204 5235
e 56 282 4304
e 124 209 1585
e 45 497 6681
e 309 391 5176
e 314 372 8240
e 177 470 630
e 242 304 4059
e 156 475 4984
e 312 392 2081
e 170 488 9786
e 112 259 1785
e 348 385 9531
e 103 304 270
e 7 134 8303
e 204 257 5845
e 149 476 213
e 326 403 3574
e 334 397 985
e 103 262 3985
e 440 448 7079
e 324 424 2865
e 146 229 726
e 18 412 1699
e 289 353 1088
e 294 344 911
e 84 340 2520
e 183 317 3327
e 365 484 4336
e 306 483 4908
e 258 445 6470
e 298 412 8453
e 457 488 1952
e 355 362 6163
e 391 424 3348
e 20 289 7494
e 85 438 6989
e 275 398 2434
e 126 401 7510
e 250 424 3160
e 216 252 1025
e 105 247 3809
e 364 367 9791
e 49 277 1547
e 371 500 2733
e 152 348 8721
e 29 75 2631
e 53 172 1609
e 126 412 8568
e 41 216 2988
e 234 299 3189
e 76 451 8920
e 242 292 63
e 300 322 1004
e 188 215 5913
e 111 302 3373
e 177 436 5105
e 62 350 5631
e 167 455 1032
e 96 100 6036
e 3 383 6959
e 103 171 5993
e 110 428 2692
e 357 382 4939
e 336 455 8014
e 430 444 4104
e 91 483 7795
e 101 345 5600
e 203 275 7216
e 274 363 235
e 235 378 7483
e 315 364 746
e 52 98 3781
e 69 112 6215
e 11 467 9840
e 59 447 5208
e 50 419 9054
e 216 335 6024
e 66 230 9363
e 226 435 6487
e 320 327 1887
e 357 383 9890
e 22 339 6975
e 207 425 2942
e 346 401 6360
e 85 483 511
e 40 331 1809
e 21 302 458
e 192 242 8432
e 17 134 3891
e 4 98 6404
e 57 357 9819
e 137 318 4935
e 113 347 2576
e 40 379 7697
e 302 468 9994
e 72 414 6897
e 117 430 2312
e 228 481 9766
e 113 269 7720
e 127 271 4893
e 24 192 8416
e 17 230 6347
e 167 234 8034
e 292 468 3209
e 71 162 4043
e 247 402 3666
e 43 196 9065
e 78 125 6572
e 8 182 2441
e 50 266 9679
e 301 447 931
e 81 213 9553
e 320 495 952
e 27 247 4685
e 227 297 5880
e 398 400 742
e 62 428 4498
e 52 417 2927
e 127 477 1500
e 238 273 4694
e 203 312 2771
e 113 301 9126
e 124 248 3658
e 379 446 3121
e 192 401 4672
e 312 475 2045
e 249 462 6091
e 31 395 1406
e 12 411 8035
e 460 478 8763
e 80 108 844
e 254 343 423
e 54 360 6622
e 456 483 1792
e 112 330 4182
e 63 233 502
e 5 149 3601
e 113 116 198
e 55 317 6346
e 62 355 3264
e 38 461 7948
e 47 408 1106
e 107 217 1397
e 161 479 8949
e 108 135 1144
e 324 384 5374
e 374 377 7103
e 6 494 907
e 32 405 7635
e 59 190 1897
e 173 335 3686
e 266 434 1925
e 260 276 1536
e 273 436 9606
e 63 294 11
e 198 331 3358
e 307 325 1833
e 92 194 5273
e 194 406 8790
e 218 481 3265
e 131 398 846
e 12 141 8555
e 210 468 9130
e 190 310 7786
e 282 459 8944
e 360 410 2452
e 189 256 5909
e 394 453 688
e 149 319 8711
e 340 415 8262
e 440 480 7683
e 21 336 7048
e 381 479 3001
e 351 454 9570
e 186 375 9740
e 308 412 7101
e 55 418 2531
e 212 316 3416
e 165 357 7276
e 387 496 6467
e 123 498 5300
e 194 217 8695
e 10 160 6322
e 107 321 9734
e 286 474 3371
e 121 322 2102
e 95 110 4173
e 338 352 5965
e 142 158 2573
e 158 308 9632
e 360 438 1059
e 274 364 2506
e 397 441 517
e 88 239 9568
e 65 455 4852
e 40 454 9656
e 227 258 8887
e 195 214 840
e 95 327 232
e 246 427 3884
e 141 295 1836
e 60 487 3653
e 8 468 6968
e 38 202 9601
e 31 353 242
e 135 205 2305
e 425 471 9764
e 281 349 6154
e 71 80 2227
e 82 142 6599
e 150 476 9283
e 175 432 6089
e 3 431 7261
e 137 153 3408
e 223 324 3218
e 225 320 3341
e 209 384 6767
e 12 246 4766
e 63 376 7414
e 153 271 7871
e 91 265 6682
e 320 455 2353
e 219 309 1504
e 198 265 6090
e 401 480 8234
e 77 209 2031
e 128 302 9650
e 97 450 9484
e 157 358 3585
e 305 359 2353
e 275 363 3277
e 125 464 251
e 98 447 2909
e 168 181 6450
e 346 409 2621
e 245 257 8782
e 21 101 2875
e 148 468 2901
e 357 476 8348
e 108 209 1710
e 46 398 2707
e 109 259 200
e 126 164 1501
e 318 469 3263
e 29 106 1525
e 241 469 6022
e 58 327 2472
e 53 330 188
e 130 410 8704
e 318 487 7069
e 171 216 460
e 252 411 3501
e 488 493 3605
e 97 180 4685
e 388 485 2810
e 20 306 173
e 364 374 4264
e 123 213 5883
e 454 475 8448
e 71 391 942
e 177 407 6665
e 293 362 9744
e 161 171 9009
e 74 292 4138
e 53 60 1858
e 134 445 3402
e 47 119 3407
e 88 95 5965
e 39 389 2775
e 186 392 3110
e 65 380 6538
e 111 139 1372
e 148 273 8997
e 428 455 8149
e 450 489 9556
e 222 398 956
e 28 467 2591
e 116 401 8580
e 300 464 8228
e 3 144 5436
e 358 434 1504
e 188 190 2744
e 232 299 9905
e 390 397 5766
e 320 405 766
e 252 438 2689
e 274 403 1062
e 306 370 6026
e 110 254 9797
e 166 482 4838
e 241 451 9731
e 397 420 6568
e 102 337 7417
e 209 264 1484
e 80 411 8071
e 234 446 2704
e 164 323 3814
e 185 412 3747
e 38 108 7308
e 136 176 2552
e 225 409 2021
e 309 323 278
e 302 480 4519
e 209 267 93
e 78 477 1908
e 320 445 8660
e 332 389 6563
e 75 415 4606
e 272 466 9200
e 393 396 6268
e 198 211 3796
e 226 300 8452
e 351 443 5791
e 351 391 7869
e 7 389 1706
e 378 408 8089
e 370 499 8840
e 156 202 1582
e 17 49 6247
e 146 262 4779
e 72 218 6453
e 60 73 2317
e 195 497 7424
e 84 100 5608
e 325 488 2777
e 253 351 4585
e 58 307 2629
e 363 386 1914
e 223 391 4526
e 44 88 3587
e 217 218 2372
e 164 370 9242
e 398 498 598
e 77 216 9700
e 76 130 1423
e 100 183 6294
e 34 226 1563
e 130 438 133
e 73 213 9750
e 48 379 2339
e 330 447 1714
e 125 293 9913
e 18 394 7931
e 290 460 5323
e 278 380 3917
e 59 312 3098
e 393 422 6256
e 298 474 7133
e 214 328 1010
e 125 251 8662
e 85 212 217
e 61 439 2675
e 250 351 6902
e 235 318 6438
e 17 496 1291
e 256 267 9003
e 347 386 1800
e 173 299 5510
e 69 324 5688
e 48 181 7221
e 33 393 5931
e 107 156 9847
e 17 328 7567
e 439 464 2647
e 206 272 7315
e 317 368 4141
e 424 499 9816
e 396 452 457
e 124 206 9640
e 53 184 7592
e 162 296 9562
e 260 371 3408
e 166 244 182
e 134 418 5201
e 160 191 7974
e 158 160 1716
e 67 99 5358
e 48 91 5852
e 122 395 206
e 63 303 3220
e 108 418 1751
e 252 400 4792
e 381 416 3744
e 251 478 6049
e 152 406 1139
e 118 159 5516
e 89 386 8830
e 93 328 1573
e 317 461 7438
e 11 423 537
e 52 122 5108
e 144 469 3913
e 199 320 4535
e 248 418 6653
e 200 450 6815
e 173 230 9935
e 164 489 515
e 183 295 4276
e 313 408 7125
e 92 105 7340
e 32 48 8432
e 187 277 2632
e 108 111 240
e 408 432 6772
e 206 432 966
e 305 374 1852
e 192 376 6670
e 49 295 7535
e 48 83 2550
e 55 182 8717
e 26 241 6140
e 38 499 377
e 305 307 3
e 357 486 8011
e 158 471 3542
e 165 467 9446
e 120 451 342
e 201 428 8495
e 161 214 1897
e 146 358 1855
e 96 455 3165
e 266 430 6323
e 173 327 5871
e 61 329 371
e 181 216 2800
e 17 267 3569
e 247 317 3391
e 58 412 5278
e 137 443 2389
e 90 162 8762
e 352 381 3573
e 277 350 4974
e 12 58 3249
e 8 487 2899
e 41 111 3356
e 72 378 5120
e 20 82 6776
e 3 400 7201
e 132 194 7189
e 113 444 1510
e 209 273 8167
e 76 191 1551
e 179 350 54
e 381 482 6306
e 230 248 8059
e 477 485 7789
e 68 323 919
e 262 381 5731
e 158 359 3401
e 28 142 7348
e 474 484 5783
e 58 426 9695
e 406 487 9246
e 38 245 4488
e 166 432 6043
e 6 262 4029
e 41 398 4570
e 137 255 8608
e 69 495 6559
e 239 323 5267
e 71 111 409
e 29 206 335
e 3 326 8752
e 29 323 4097
e 155 358 8376
e 39 333 8817
e 213 409 2747
e 12 486 1437
e 68 226 4283
e 265 289 1749
e 340 376 1625
e 97 400 1506
e 427 472 9978
e 251 273 3474
e 146 291 7747
e 210 321 1445
e 173 443 9917
e 71 442 3535
e 26 77 6761
e 62 284 928
e 221 412 7632
e 260 300 3256
e 20 211 981
e 80 180 1178
e 117 231 143
e 154 372 2466
e 122 485 444
e 190 391 9911
e 31 360 2826
e 217 364 3452
e 64 233 1483
e 175 426 9027
e 323 435 5735
e 60 421 2427
e 122 402 810
e 202 474 1131
e 143 184 2990
e 17 434 236
e 332 356 3990
e 185 287 4277
e 37 147 2348
e 154 381 6996
e 292 436 8279
e 365 406 8831
e 54 76 6218
e 113 379 6754
e 165 308 9058
e 15 49 1205
e 3 302 6901
e 214 227 3102
e 61 214 5743
e 198 407 4476
e 263 440 8756
e 13 443 9851
e 288 340 2383
e 75 304 9874
e 325 335 817
e 97 359 4121
e 165 339 9771
e 200 236 5892
e 13 190 4517
e 111 279 438
e 18 124 6495
e 362 479 3617
e 296 472 9315
e 286 339 5372
e 443 457 7512
e 237 483 396
e 197 447 6984
e 209 373 4883
e 145 425 359
e 133 440 5924
e 319 417 5763
e 248 258 1548
e 144 475 7233
e 269 273 7472
e 82 123 2786
e 16 213 5611
e 160 292 8240
e 107 458 1874
e 106 133 2900
e 351 418 802
e 376 451 8492
e 187 347 4938
e 162 276 2439
e 158 280 6538
e 53 451 2368
e 146 496 4393
e 39 164 4564
e 413 496 7906
e 160 371 6129
e 96 399 7079
e 21 436 2898
e 246 283 8317
e 289 298 1432
e 7 57 5326
e 44 439 7752
e 251 420 301
e 127 141 8543
e 179 274 8125
e 176 333 1971
e 223 308 3370
e 15 28 1349
e 417 437 4552
e 31 53 2491
e 117 299 9864
e 294 443 4202
e 119 480 9898
e 97 110 2739
e 356 388 7355
e 52 325 3752
e 443 476 1476
e 170 172 4520
e 403 469 4924
e 50 161 8985
e 13 295 9359
e 121 422 762
e 179 249 2452
e 131 256 8960
e 234 314 393
e 174 486 1932
e 241 277 2135
e 89 149 7667
e 372 500 9370
e 287 432 2515
e 123 332 9547
e 107 309 4858
e 395 441 3327
e 160 184 5887
e 143 255 1596
e 199 281 8004
e 327 427 3842
e 220 277 2874
e 281 348 752
e 356 395 296
e 242 406 1386
e 47 351 8145
e 344 482 6599
e 246 387 5902
e 267 477 3467
e 196 293 3053
e 39 256 6047
e 80 135 489
e 105 402 5784
e 116 321 811
e 143 314 8093
e 278 295 2032
e 128 287 9135
e 156 455 3333
e 8 319 450
e 143 249 8304
e 65 452 4814
e 110 470 7743
e 36 387 329
e 214 398 3859
e 74 283 9013
e 416 486 1190
e 317 480 4593
e 25 289 6949
e 301 440 6578
e 26 490 5062
e 183 312 914
e 54 96 6414
e 11 160 3047
e 50 434 6822
e 20 48 988
e 10 258 9611
e 60 431 1330
e 245 414 1521
e 32 249 9303
e 423 425 2903
e 101 415 7451
e 81 154 935
e 98 304 5152
e 377 390 2345
e 122 135 4532
e 222 419 412
e 4 279 8193
e 387 444 2348
e 403 476 2378
e 161 449 2230
e 11 404 4262
e 135 254 1988
e 103 398 1467
e 182 463 6602
e 91 480 910
e 457 498 1275
e 308 363 285
e 169 257 9568
e 417 450 8788
e 72 363 9215
e 49 120 217
e 326 415 4203
e 308 310 6140
e 323 427 4347
e 48 410 5271
e 400 471 8055
e 419 441 7067
e 182 250 8173
e 136 234 2281
e 219 308 7840
e 333 412 9830
e 138 361 6368
e 73 120 3810
e 9 80 7749
e 201 364 4979
e 116 158 8168
e 79 105 3784
e 114 150 5158
e 67 278 3708
e 110 168 1324
e 129 208 397
e 51 281 5232
e 315 498 7296
e 311 487 3753
e 387 459 7879
e 289 377 7880
e 310 402 2805
e 140 483 2619
e 142 418 2203
e 21 117 1806
e 183 410 5853
e 90 272 7267
e 221 481 365
e 264 286 3141
e 217 371 9104
e 201 292 1095
e 461 480 6012
e 137 216 3688
e 306 426 7623
e 123 147 3618
e 470 484 2725
e 202 415 7838
e 90 348 481
e 52 134 5370
e 424 494 4695
e 18 384 6256
e 149 258 5817
e 390 431 3476
e 162 475 4826
e 144 406 253
e 76 372 3347
e 244 443 5569
e 79 209 3640
e 2 139 5865
e 136 405 3092
e 1 49 7464
e 24 171 8573
e 79 234 2331
e 69 98 4204
e 189 495 285
e 22 461 6598
e 72 278 2910
e 151 206 2911
e 120 144 1760
e 378 420 6364
e 242 446 1411
e 154 494 9321
e 236 443 5882
e 42 83 6350
e 133 455 4080
e 84 320 9041
e 31 58 5253
e 265 489 4612
e 441 499 3113
e 15 227 7005
e 180 243 8587
e 202 351 507
e 220 496 989
e 6 250 197
e 407 454 1896
e 83 267 4890
e 77 200 9293
e 16 303 9901
e 337 342 1726
e 28 67 1536
e 171 308 3660
e 73 306 8419
e 157 458 29
e 53 166 3506
e 185 232 9294
e 218 425 8508
e 268 290 6423
e 57 204 7835
e 42 495 391
e 366 432 6438
e 371 472 7451
e 105 245 4548
e 340 403 936
e 177 334 7350
e 188 270 8104
e 219 387 6100
e 331 336 9278
e 146 255 6874
e 62 201 3085
e 69 84 5743
e 17 367 6867
e 224 309 2886
e 116 395 866
e 162 364 6246
e 30 267 8159
e 290 319 7256
e 70 185 1237
e 138 433 4128
e 86 312 3179
e 45 204 710
e 57 73 4736
e 344 392 2314
e 20 226 7222
e 207 328 6340
e 345 426 9402
e 10 68 5273
e 57 105 1492
e 392 460 4173
e 407 413 2335
e 269 316 5909
e 165 387 9110
e 370 441 2461
e 24 405 4817
e 265 334 6023
e 276 454 3353
e 159 220 9305
e 25 82 2950
e 236 323 4588
e 120 468 9357
e 316 341 9289
e 230 424 5553
e 23 310 2555
e 106 396 908
e 172 408 1526
e 280 308 865
e 101 218 2218
e 271 336 7891
e 304 391 5566
e 304 408 340
e 351 447 3978
e 132 432 1508
e 351 360 594
e 115 249 6940
e 84 392 3403
e 267 494 4557
e 271 314 8987
e 229 493 7299
e 174 292 4979
e 252 381 839
e 166 286 5750
e 41 244 1388
e 187 361 444
e 380 385 3398
e 378 463 1524
e 274 499 9374
e 282 500 3028
e 10 77 1280
e 13 328 5912
e 297 485 953
e 366 431 3878
e 19 363 8620
e 231 252 2753
e 48 490 9260
e 253 278 3884
e 24 203 3663
e 276 325 8106
e 124 171 5924
e 53 187 2913
e 106 391 9089
e 343 458 7347
e 102 176 1117
e 104 339 9752
e 228 338 6426
e 265 395 5614
e 327 492 2220
e 73 171 2709
e 304 355 1372
e 10 44 3836
e 216 258 7239
e 201 490 1628
e 156 353 868
e 5 285 4860
e 125 479 3718
e 132 389 8384
e 57 162 1308
e 71 487 960
e 285 366 5609
e 444 455 2352
e 135 330 9514
e 4 121 2237
e 234 267 4121
e 380 447 647
e 121 242 4074
e 414 458 1583
e 112 445 1960
e 52 211 6990
e 128 498 2918
e 71 319 7526
e 318 414 9000
e 56 355 1344
e 425 452 2634
e 324 382 6752
e 313 361 7524
e 90 393 9102
e 24 107 2699
e 341 441 4340
e 265 359 306
e 327 405 3642
e 305 317 4269
e 83 123 8169
e 352 418 4817
e 280 314 6972
e 11 270 2191
e 56 87 9230
e 257 468 8235
e 215 277 2162
e 66 363 3182
e 79 454 8964
e 13 187 1091
e 124 444 94
e 12 187 6922
e 84 215 3003
e 78 141 354
e 162 353 7675
e 151 249 6151
e 73 349 5783
e 173 424 7226
e 374 472 8697
e 12 441 2801
e 175 280 6348
e 237 420 8377
e 137 405 3224
e 165 347 7552
e 86 122 220
e 383 490 9023
e 32 219 1652
e 304 358 2856
e 20 301 1545
e 85 322 6841
e 19 76 1362
e 408 476 5175
e 73 402 8756
e 228 311 6707
e 160 329 5104
e 229 310 2710
e 92 386 9554
e 126 265 662
e 75 441 1083
e 69 273 7559
e 95 468 9065
e 265 326 3041
e 295 358 666
e 5 156 7720
e 26 371 6786
e 126 484 8833
e 19 312 7010
e 402 431 8139
e 158 397 2761
e 15 284 1070
e 100 156 4261
e 138 391 8586
e 32 180 1830
e 152 449 5073
e 51 191 7749
e 19 157 590
e 13 167 7393
e 50 67 5978
e 75 95 1594
e 368 405 8182
e 54 449 8079
e 65 108 6465
e 419 459 6457
e 15 114 8138
e 65 485 8745
e 288 316 8902
e 342 402 5105
e 175 367 3491
e 192 429 6532
e 325 339 3306
e 120 408 9457
e 255 433 5965
e 15 449 9257
e 190 262 8779
e 135 343 576
e 207 354 6721
e 438 456 9676
e 16 219 4989
e 3 117 5247
e 415 433 4412
e 186 226 2775
e 124 234 516
e 228 344 7574
e 56 59 2125
e 180 356 4042
e 46 159 5265
e 125 403 6179
e 103 206 9966
e 124 298 3563
e 409 483 9333
e 212 400 2188
e 154 287 7748
e 144 500 4580
e 339 404 9997
e 327 482 4360
e 114 448 7085
e 163 290 2309
e 397 480 1261
e 293 425 747
e 135 446 4468
e 304 350 1032
e 279 491 9936
e 255 494 5039
e 297 394 5249
e 62 76 4410
e 184 474 6548
e 153 481 5949
e 20 140 8569
e 463 488 4658
e 183 197 3645
e 236 282 6066
e 294 434 9216
e 167 359 7200
e 14 75 3685
e 280 331 1781
e 102 175 1548
e 342 395 3045
e 160 330 112
e 351 378 1571
e 175 274 9770
e 24 101 441
e 182 478 2685
e 16 49 2419
e 74 375 5167
e 194 493 2213
e 26 70 2273
e 231 254 265
e 158 230 3251
e 61 301 9736
e 72 83 2635
e 178 213 33
e 244 470 2896
e 176 268 1441
e 223 476 5651
e 253 423 743
e 148 155 8546
e 139 338 1697
e 53 489 7829
e 399 499 8002
e 118 490 3162
e 50 246 7009
e 61 327 6210
e 279 400 4897
e 135 390 7105
e 29 464 6034
e 124 290 5350
e 256 270 8218
e 43 163 3775
e 220 346 7441
e 139 319 9132
e 147 443 5529
e 333 455 717
e 250 278 1467
e 82 462 5253
e 278 288 8184
e 149 275 372
e 82 316 9419
e 124 201 7216
e 36 421 5719
e 26 33 5334
e 445 469 9892
e 89 433 2796
e 380 495 6850
e 15 48 9404
e 6 201 2252
e 67 227 375
e 231 358 8260
e 158 413 4800
e 95 103 167
e 166 335 9392
e 38 94 6386
e 86 400 3039
e 54 82 973
e 11 204 2015
e 155 478 1781
e 385 461 5334
e 322 465 2052
e 194 327 4788
e 225 246 8252
e 277 315 6814
e 268 311 9121
e 178 181 3921
e 105 295 6942
e 123 495 9051
e 198 498 8823
e 115 298 9663
e 77 366 3200
e 375 474 2829
e 160 295 3185
e 38 337 8514
e 290 445 9537
e 233 472 9259
e 485 490 5833
e 22 295 1026
e 230 232 7431
e 86 272 894
e 162 381 9746
e 39 494 4064
e 301 365 3379
e 114 278 2787
e 74 441 5401
e 232 252 4882
e 12 86 6736
e 64 343 7112
e 139 417 2104
e 78 250 2645
e 329 339 2500
e 260 487 9575
e 243 298 3568
e 57 346 4220
e 453 494 1137
e 105 191 6043
e 118 411 946
e 201 485 547
e 83 197 6393
e 353 397 3738
e 398 460 3672
e 145 204 2234
