c random 500 vertices, 5000 edges, seed = 1
g 500 5000
e 1 2 6139
e 1 3 3368
e 2 4 313
e 4 5 6341
e 5 6 4432
e 3 7 1249
e 6 8 3943
e 6 9 7340
e 4 10 9721
e 3 11 7716
e 2 12 9493
e 3 13 7204
e 5 14 5676
e 13 15 6652
e 15 16 254
e 3 17 6996
e 12 18 9703
e 8 19 6273
e 18 20 3166
e 13 21 6310
e 4 22 9929
e 14 23 7223
e 2 24 6445
e 7 25 8249
e 22 26 3664
e 1 27 8865
e 14 28 9320
e 10 29 723
e 21 30 7594
e 28 31 6008
e 26 32 6999
e 4 33 2358
e 22 34 5473
e 10 35 4627
e 8 36 9848
e 14 37 1323
e 27 38 42
e 25 39 848
e 6 40 4659
e 10 41 8370
e 33 42 8832
e 9 43 7545
e 8 44 3090
e 4 45 7671
e 17 46 6729
e 11 47 4118
e 21 48 6707
e 40 49 5342
e 35 50 7677
e 3 51 6187
e 15 52 8073
e 52 53 9446
e 21 54 6016
e 29 55 5050
e 38 56 2175
e 24 57 3655
e 51 58 4999
e 2 59 9372
e 49 60 6190
e 39 61 3680
e 38 62 3831
e 8 63 3217
e 48 64 4829
e 4 65 1504
e 48 66 3501
e 16 67 8406
e 14 68 9909
e 3 69 7458
e 40 70 5867
e 20 71 5019
e 45 72 7597
e 33 73 235
e 10 74 4379
e 9 75 2414
e 22 76 6455
e 40 77 2349
e 66 78 4281
e 11 79 3100
e 24 80 6816
e 14 81 8282
e 20 82 6140
e 42 83 2471
e 31 84 6824
e 43 85 1020
e 72 86 2064
e 59 87 1345
e 21 88 4332
e 26 89 8808
e 28 90 2163
e 36 91 4274
e 33 92 844
e 16 93 7074
e 86 94 6390
e 35 95 8889
e 22 96 2710
e 39 97 6738
e 30 98 5271
e 21 99 3494
e 76 100 9349
e 34 101 8586
e 86 102 3814
e 7 103 9046
e 97 104 4445
e 74 105 6866
e 88 106 85
e 99 107 6298
e 79 108 711
e 46 109 2472
e 80 110 2581
e 62 111 7728
e 18 112 4851
e 10 113 641
e 93 114 5069
e 1 115 2740
e 28 116 710
e 90 117 6552
e 35 118 4063
e 3 119 123
e 108 120 4786
e 120 121 9909
e 21 122 2612
e 78 123 488
e 32 124 8472
e 90 125 7483
e 47 126 3649
e 26 127 5021
e 48 128 2094
e 46 129 327
e 23 130 1116
e 9 131 1917
e 21 132 7652
e 83 133 814
e 94 134 4688
e 114 135 6815
e 38 136 9731
e 14 137 3469
e 89 138 2002
e 5 139 3731
e 115 140 9814
e 9 141 1277
e 129 142 8439
e 103 143 7775
e 25 144 3774
e 59 145 1800
e 31 146 435
e 63 147 6024
e 91 148 2653
e 71 149 6399
e 122 150 9200
e 133 151 6243
e 144 152 4305
e 131 153 7572
e 54 154 1951
e 19 155 4427
e 126 156 4115
e 112 157 6299
e 93 158 6043
e 141 159 7943
e 113 160 6037
e 80 161 9886
e 87 162 1875
e 105 163 1460
e 75 164 2640
e 104 165 6899
e 73 166 8259
e 84 167 1534
e 38 168 9343
e 96 169 2357
e 91 170 6687
e 142 171 3319
e 146 172 7194
e 15 173 4818
e 26 174 5858
e 67 175 993
e 81 176 880
e 93 177 5732
e 124 178 9937
e 162 179 3619
e 51 180 2732
e 3 181 4262
e 76 182 7546
e 176 183 2534
e 55 184 7366
e 145 185 9856
e 126 186 3934
e 65 187 9929
e 35 188 80
e 151 189 359
e 101 190 8723
e 58 191 9248
e 11 192 2051
e 112 193 6186
e 127 194 6708
e 108 195 1134
e 189 196 3845
e 131 197 2924
e 50 198 8616
e 145 199 192
e 36 200 5766
e 64 201 7431
e 198 202 4206
e 88 203 159
e 203 204 1381
e 153 205 6009
e 20 206 7461
e 83 207 1630
e 71 208 5692
e 150 209 2118
e 204 210 8470
e 31 211 6540
e 150 212 4091
e 23 213 9836
e 186 214 7623
e 210 215 701
e 41 216 7756
e 27 217 486
e 55 218 1952
e 74 219 6181
e 70 220 4593
e 48 221 2874
e 137 222 1973
e 38 223 4580
e 169 224 8987
e 12 225 3185
e 134 226 3503
e 221 227 9632
e 149 228 4356
e 63 229 7943
e 48 230 1398
e 131 231 5044
e 110 232 8054
e 213 233 7831
e 71 234 6611
e 40 235 5712
e 51 236 4934
e 206 237 8260
e 115 238 8518
e 141 239 1802
e 50 240 9225
e 91 241 479
e 178 242 9769
e 8 243 8089
e 22 244 845
e 107 245 6605
e 173 246 8268
e 243 247 5962
e 31 248 3929
e 45 249 7184
e 115 250 5614
e 96 251 3658
e 48 252 9097
e 252 253 1097
e 241 254 9970
e 152 255 2141
e 187 256 6845
e 47 257 5072
e 95 258 5448
e 19 259 7250
e 170 260 9021
e 134 261 473
e 51 262 6676
e 261 263 6178
e 19 264 6502
e 160 265 659
e 135 266 8776
e 190 267 4551
e 214 268 239
e 134 269 8786
e 122 270 6876
e 217 271 8939
e 127 272 7130
e 123 273 2056
e 168 274 7866
e 62 275 7792
e 43 276 2309
e 18 277 2173
e 32 278 2938
e 264 279 8502
e 233 280 8560
e 111 281 916
e 59 282 5515
e 228 283 9647
e 268 284 9248
e 51 285 7035
e 153 286 7190
e 53 287 2736
e 79 288 1809
e 39 289 9876
e 250 290 8827
e 7 291 8069
e 276 292 774
e 71 293 3406
e 282 294 466
e 267 295 2103
e 54 296 7376
e 80 297 7325
e 155 298 1725
e 64 299 8090
e 191 300 3608
e 279 301 7352
e 30 302 1696
e 115 303 2231
e 209 304 3900
e 193 305 4871
e 68 306 3729
e 209 307 1873
e 281 308 5468
e 130 309 3003
e 138 310 129
e 92 311 3257
e 151 312 422
e 197 313 6153
e 288 314 5918
e 262 315 3226
e 165 316 9089
e 163 317 5192
e 81 318 9669
e 292 319 1052
e 311 320 5549
e 145 321 5972
e 146 322 9350
e 292 323 8610
e 289 324 5747
e 103 325 1900
e 295 326 8428
e 143 327 2032
e 49 328 1087
e 77 329 7834
e 315 330 6188
e 285 331 3774
e 60 332 5477
e 77 333 7007
e 108 334 6972
e 124 335 476
e 233 336 7163
e 276 337 7916
e 184 338 5598
e 8 339 3477
e 113 340 9517
e 278 341 2004
e 310 342 7484
e 92 343 9138
e 257 344 3834
e 135 345 5106
e 157 346 246
e 45 347 7952
e 149 348 2513
e 263 349 3685
e 165 350 5910
e 18 351 8677
e 74 352 7848
e 70 353 7909
e 118 354 9102
e 178 355 5225
e 108 356 4945
e 132 357 5555
e 323 358 5246
e 282 359 2766
e 3 360 3219
e 228 361 2787
e 172 362 2689
e 338 363 9747
e 177 364 9980
e 158 365 3728
e 260 366 8397
e 143 367 6798
e 288 368 7638
e 253 369 2292
e 337 370 288
e 285 371 3039
e 63 372 9069
e 143 373 500
e 227 374 6344
e 136 375 5180
e 62 376 9053
e 48 377 839
e 296 378 1595
e 325 379 4570
e 111 380 5985
e 372 381 8699
e 351 382 2604
e 358 383 1320
e 133 384 4032
e 205 385 9118
e 231 386 4723
e 269 387 6910
e 184 388 8597
e 376 389 2543
e 218 390 310
e 171 391 8852
e 185 392 5910
e 279 393 2418
e 226 394 365
e 117 395 4580
e 332 396 3935
e 214 397 1586
e 328 398 3657
e 130 399 4669
e 11 400 467
e 327 401 8783
e 59 402 8368
e 325 403 4995
e 278 404 8109
e 368 405 947
e 190 406 4390
e 111 407 1498
e 98 408 7579
e 94 409 4721
e 309 410 5167
e 170 411 3074
e 273 412 5549
e 364 413 8975
e 98 414 7670
e 136 415 2055
e 344 416 5384
e 77 417 944
e 49 418 7403
e 377 419 8486
e 193 420 5152
e 114 421 8594
e 208 422 71
e 105 423 9774
e 19 424 9994
e 65 425 8193
e 331 426 3848
e 290 427 8230
e 408 428 4734
e 230 429 7108
e 288 430 4000
e 347 431 5778
e 398 432 9323
e 300 433 1929
e 296 434 1052
e 295 435 9037
e 252 436 7769
e 117 437 7815
e 149 438 4278
e 200 439 6122
e 298 440 1778
e 365 441 5285
e 191 442 6150
e 332 443 2306
e 260 444 3997
e 355 445 2000
e 113 446 6434
e 356 447 5164
e 446 448 7324
e 48 449 2169
e 6 450 7719
e 174 451 1553
e 281 452 212
e 91 453 405
e 188 454 1766
e 247 455 1345
e 122 456 1518
e 416 457 645
e 119 458 5666
e 311 459 9772
e 261 460 7394
e 280 461 3807
e 159 462 5458
e 304 463 2992
e 401 464 240
e 402 465 2773
e 462 466 1189
e 281 467 8872
e 254 468 1516
e 81 469 8672
e 42 470 1200
e 135 471 9097
e 236 472 8709
e 346 473 1595
e 24 474 1683
e 349 475 180
e 344 476 1325
e 57 477 89
e 286 478 5240
e 97 479 8899
e 330 480 9817
e 250 481 3440
e 78 482 4369
e 61 483 7062
e 466 484 8707
e 336 485 2295
e 322 486 6413
e 268 487 2019
e 125 488 735
e 174 489 2674
e 50 490 7997
e 38 491 5200
e 79 492 1138
e 73 493 1866
e 109 494 7982
e 438 495 5248
e 103 496 1836
e 223 497 6291
e 195 498 9652
e 261 499 5016
e 243 500 7134
e 303 399 3240
e 43 377 9673
e 241 309 3722
e 96 298 9498
e 43 118 3041
e 396 499 7685
e 144 248 9521
e 202 488 8583
e 291 310 247
e 243 447 7415
e 258 284 2870
e 196 489 3340
e 317 411 5898
e 361 461 2816
e 48 95 1004
e 133 171 5547
e 314 354 6592
e 7 268 1141
e 78 327 9387
e 100 167 3729
e 113 329 6487
e 236 357 6449
e 38 388 9486
e 74 355 6891
e 254 474 5380
e 43 469 3637
e 10 315 5967
e 360 449 3401
e 162 364 5109
e 361 462 6761
e 304 344 7639
e 204 445 4748
e 165 313 6630
e 390 427 6768
e 111 133 4724
e 414 491 8752
e 174 221 4169
e 332 347 9424
e 60 375 6431
e 202 426 9713
e 75 126 4074
e 21 237 2754
e 290 482 7112
e 361 379 115
e 460 491 9023
e 276 434 4934
e 257 325 18
e 272 388 8990
e 33 70 8606
e 178 196 6784
e 343 475 4986
e 284 453 7449
e 66 230 8433
e 371 500 9646
e 411 450 2033
e 323 488 2631
e 338 346 7858
e 255 417 699
e 42 445 2285
e 388 412 7063
e 104 388 4011
e 242 346 1584
e 140 499 3921
e 219 337 1593
e 77 431 1145
e 408 492 9354
e 429 485 8872
e 72 118 1692
e 295 342 9227
e 46 417 7642
e 101 196 9001
e 247 307 4789
e 327 364 8702
e 120 354 4261
e 6 419 6589
e 96 351 8269
e 112 134 8612
e 290 291 9486
e 36 46 1485
e 374 461 2808
e 419 470 8738
e 130 411 728
e 112 368 8080
e 74 228 8846
e 349 353 6218
e 400 488 2233
e 204 274 3499
e 367 487 8853
e 26 236 5131
e 315 371 3931
e 219 426 6067
e 40 52 8131
e 274 395 3149
e 56 317 568
e 58 73 8390
e 133 491 3196
e 42 282 2751
e 392 429 8447
e 80 407 1771
e 85 255 7918
e 43 392 4460
e 250 377 4255
e 163 470 9892
e 350 392 1236
e 219 406 3257
e 249 396 1339
e 114 310 9645
e 91 348 846
e 234 394 5793
e 323 368 2193
e 111 147 3949
e 224 321 8173
e 132 405 7204
e 264 432 3570
e 108 229 1269
e 267 405 6623
e 110 129 6210
e 36 179 3709
e 178 218 7062
e 5 52 667
e 102 421 9305
e 315 453 8904
e 160 415 5575
e 68 470 6905
e 60 111 3538
e 12 285 5160
e 120 129 5040
e 145 251 8623
e 79 124 2522
e 84 176 9428
e 70 248 2054
e 47 156 7890
e 254 377 970
e 140 226 5813
e 299 406 7014
e 110 453 1510
e 296 476 1368
e 10 144 9394
e 471 498 8179
e 19 186 9252
e 289 332 4309
e 39 46 8034
e 121 224 8960
e 55 250 8522
e 148 492 2700
e 79 430 9458
e 261 379 2502
e 9 263 9288
e 107 233 2621
e 227 239 6852
e 56 65 5652
e 104 413 7780
e 130 482 4296
e 432 442 2735
e 95 384 5421
e 68 127 8848
e 50 308 5724
e 57 466 4312
e 66 452 3197
e 43 93 4684
e 203 214 3577
e 167 184 6655
e 384 485 5831
e 4 473 1805
e 232 243 1668
e 220 416 9711
e 61 233 1716
e 343 451 5107
e 116 201 8916
e 155 399 8826
e 273 474 5438
e 292 337 134
e 152 359 6761
e 171 424 9657
e 3 437 5937
e 123 381 6614
e 287 325 8061
e 194 329 2544
e 9 468 4570
e 283 415 5060
e 151 343 3665
e 30 138 5464
e 227 465 1197
e 423 495 3371
e 122 430 6670
e 75 88 1254
e 48 101 6469
e 8 370 8802
e 12 168 7876
e 38 290 6125
e 335 357 9203
e 79 254 2144
e 261 429 8660
e 17 335 8194
e 11 89 7637
e 220 372 4893
e 44 139 6873
e 328 339 4154
e 123 170 5131
e 231 491 8376
e 192 305 8873
e 157 220 3035
e 162 262 9958
e 107 356 2413
e 53 171 1036
e 282 468 8098
e 31 66 4510
e 234 463 3430
e 248 489 6244
e 104 496 7907
e 155 208 3381
e 317 459 8778
e 46 190 4092
e 7 476 5221
e 64 366 3351
e 10 349 2471
e 24 142 1607
e 155 168 4845
e 78 368 2107
e 38 320 8979
e 97 131 4999
e 297 422 1326
e 152 494 8872
e 227 362 4634
e 290 359 3456
e 52 348 6789
e 210 272 5592
e 208 247 1570
e 43 272 8147
e 426 448 8023
e 99 229 567
e 67 463 152
e 265 384 1746
e 60 116 7800
e 298 444 9934
e 231 459 3371
e 420 496 4528
e 267 393 4432
e 156 437 6766
e 31 343 2889
e 309 467 1522
e 74 232 4231
e 100 341 6596
e 349 368 9839
e 275 331 3383
e 69 358 7127
e 21 214 8536
e 480 500 249
e 49 279 9378
e 43 129 7401
e 266 401 370
e 68 206 1306
e 101 440 1270
e 429 492 8569
e 70 152 1479
e 273 316 5487
e 234 307 3055
e 66 122 4911
e 147 241 1426
e 46 407 8988
e 393 440 3102
e 186 223 8723
e 162 444 6243
e 227 396 4718
e 330 407 4948
e 224 234 4902
e 29 66 2234
e 195 324 7156
e 1 159 8195
e 310 428 915
e 139 177 4824
e 360 417 9134
e 125 371 5963
e 282 348 1893
e 280 425 4526
e 356 427 4861
e 75 143 360
e 80 322 599
e 130 334 3786
e 418 488 5217
e 333 406 9579
e 183 300 5346
e 271 493 8819
e 219 459 9331
e 367 460 6671
e 8 393 9676
e 388 427 6038
e 302 336 28
e 176 187 1477
e 171 344 2085
e 91 285 871
e 198 305 7035
e 37 400 7946
e 415 471 4061
e 326 373 2924
e 123 252 3588
e 14 396 4942
e 180 223 5104
e 94 135 2884
e 5 133 2224
e 114 194 8011
e 23 483 5204
e 118 271 216
e 215 264 387
e 184 358 602
e 393 478 1530
e 321 424 1521
e 113 303 5998
e 445 469 5490
e 73 282 5715
e 266 500 2941
e 45 228 5031
e 313 492 3714
e 279 428 9092
e 141 438 5444
e 325 383 7556
e 11 453 7627
e 51 93 1727
e 220 341 4592
e 112 459 1109
e 242 245 73
e 136 308 8024
e 381 467 2299
e 96 205 2023
e 235 257 3736
e 321 482 2164
e 17 177 3835
e 31 308 3198
e 227 482 4556
e 51 166 6375
e 280 335 79
e 401 424 6656
e 16 60 6639
e 98 388 2715
e 163 172 7693
e 185 292 9644
e 178 480 2229
e 45 293 8847
e 285 475 7057
e 34 53 3898
e 117 425 5046
e 311 393 6686
e 128 281 5352
e 365 373 7670
e 37 143 5773
e 294 480 1635
e 124 126 9162
e 175 500 5681
e 133 166 5486
e 28 298 7407
e 354 454 8019
e 346 386 3859
e 227 423 2321
e 356 388 5165
e 35 76 8368
e 144 284 5167
e 177 386 7072
e 118 307 7957
e 204 241 7939
e 29 453 10
e 13 189 8206
e 291 465 4606
e 199 456 6155
e 337 416 5226
e 159 202 3139
e 27 287 4378
e 142 412 1149
e 92 266 8105
e 389 398 425
e 229 361 2598
e 404 414 9061
e 9 193 3197
e 111 271 3758
e 67 301 8906
e 305 353 8532
e 189 382 6052
e 163 334 1552
e 20 459 3670
e 233 400 5975
e 46 367 6563
e 128 274 6495
e 39 140 3634
e 227 364 9705
e 11 370 7382
e 301 403 3794
e 78 494 1825
e 269 338 3736
e 377 467 8807
e 143 168 9827
e 78 325 8062
e 129 239 905
e 149 335 4240
e 196 224 9760
e 188 196 8628
e 3 254 8791
e 15 81 6144
e 317 499 2176
e 34 239 9904
e 245 457 9270
e 106 442 533
e 157 273 6688
e 17 258 8211
e 244 491 5973
e 230 239 2270
e 295 312 6322
e 134 221 1462
e 254 463 2249
e 129 446 8613
e 324 366 5194
e 228 371 4748
e 28 41 5408
e 210 225 1437
e 19 24 7555
e 35 341 7340
e 250 353 8875
e 58 439 2612
e 253 280 4249
e 126 170 1183
e 368 381 6398
e 169 462 4957
e 95 343 3837
e 155 440 2322
e 242 449 9271
e 28 284 5260
e 62 270 8054
e 350 484 5204
e 39 47 4424
e 141 280 3216
e 142 473 7289
e 189 336 9276
e 242 263 2761
e 150 396 9720
e 52 157 7931
e 196 272 7890
e 99 239 3665
e 159 459 833
e 138 156 3981
e 112 478 7202
e 336 404 9811
e 60 380 5632
e 54 310 7859
e 234 248 2560
e 59 103 772
e 188 342 2362
e 6 464 9589
e 2 247 2346
e 226 441 1734
e 115 212 6551
e 57 427 8719
e 28 152 4226
e 169 360 5096
e 495 499 9146
e 191 218 1601
e 63 487 3133
e 66 169 5638
e 143 418 5808
e 308 318 9678
e 119 387 2005
e 73 136 3142
e 148 493 9778
e 392 430 6178
e 43 321 7965
e 207 240 532
e 146 315 9621
e 119 426 3054
e 151 363 9565
e 226 324 7779
e 1 268 1747
e 209 455 3211
e 243 325 411
e 72 454 7145
e 197 231 2270
e 212 317 8980
e 105 384 3731
e 340 409 9777
e 59 160 3436
e 165 329 1890
e 88 108 8783
e 111 181 2576
e 192 403 5340
e 195 464 5626
e 126 449 8887
e 217 229 1380
e 292 479 7948
e 49 452 6357
e 45 162 9724
e 126 291 3012
e 273 362 2030
e 341 368 1612
e 72 196 2014
e 291 418 224
e 150 240 9822
e 60 294 8152
e 2 207 1358
e 82 333 1523
e 248 458 3355
e 266 479 1085
e 26 301 3677
e 219 410 6224
e 63 176 3484
e 81 390 6030
e 302 428 6432
e 327 387 2659
e 3 108 5221
e 64 187 7898
e 18 62 4452
e 114 125 4766
e 152 321 3319
e 90 488 9269
e 141 195 9763
e 256 338 9733
e 74 329 9515
e 11 172 3735
e 181 368 2440
e 172 375 903
e 45 179 6881
e 130 403 8236
e 173 253 4798
e 155 305 2706
e 92 360 1015
e 56 300 6352
e 238 291 9045
e 95 339 2810
e 396 412 1438
e 18 449 2780
e 84 258 4527
e 15 128 6577
e 455 499 8122
e 378 467 9957
e 185 208 6150
e 13 81 7198
e 139 207 8919
e 421 482 802
e 206 255 1558
e 82 197 223
e 45 376 9417
e 4 141 9401
e 170 221 6158
e 212 416 4949
e 208 475 6650
e 47 470 8803
e 439 494 7296
e 120 486 3480
e 311 330 7680
e 233 328 7830
e 121 398 4298
e 153 298 624
e 51 305 8535
e 129 155 4369
e 162 408 3234
e 372 455 9146
e 200 315 7232
e 298 454 873
e 39 56 6602
e 13 51 9295
e 279 434 6662
e 195 318 5233
e 245 445 8998
e 22 216 7908
e 430 495 5928
e 203 453 6998
e 214 305 5398
e 344 452 6853
e 205 450 948
e 74 205 422
e 345 434 7972
e 445 470 3711
e 94 106 4688
e 30 306 2853
e 77 491 5168
e 251 413 5969
e 376 492 2102
e 253 419 5161
e 325 498 5754
e 392 478 7310
e 104 451 5444
e 26 313 7647
e 136 235 5602
e 111 188 4976
e 179 369 5669
e 208 317 9103
e 198 409 978
e 347 460 4422
e 175 213 9745
e 33 328 5987
e 267 286 2791
e 235 398 1926
e 66 129 1003
e 43 108 1713
e 135 261 2956
e 163 416 7910
e 369 414 5874
e 427 440 2169
e 420 431 9666
e 111 284 5908
e 86 247 2226
e 331 463 9327
e 37 218 4444
e 400 462 1912
e 73 390 1246
e 52 234 8274
e 13 500 3276
e 16 136 3533
e 379 381 4870
e 90 355 2089
e 80 267 9613
e 360 443 5426
e 112 365 9791
e 14 168 6033
e 96 230 8628
e 10 245 4688
e 342 360 1230
e 43 216 9180
e 33 273 9217
e 46 167 101
e 121 216 583
e 57 315 7000
e 46 105 3360
e 137 213 3500
e 151 255 6743
e 321 438 7490
e 87 156 7277
e 350 409 2445
e 135 328 1123
e 39 201 9590
e 318 469 817
e 188 199 9202
e 19 34 1870
e 201 336 6297
e 46 258 4285
e 164 328 2409
e 9 95 1161
e 17 461 5420
e 26 283 1327
e 110 307 1481
e 395 472 7031
e 314 412 6203
e 312 359 2846
e 275 343 6717
e 216 400 9826
e 36 198 1433
e 113 158 8014
e 289 429 7147
e 399 450 6153
e 102 289 6465
e 174 254 4361
e 159 199 4162
e 131 226 3630
e 344 389 4842
e 283 284 3497
e 25 433 3754
e 288 405 5112
e 67 331 9012
e 205 207 9807
e 238 433 3806
e 84 481 750
e 292 362 3989
e 221 364 402
e 99 441 9708
e 296 430 6156
e 389 459 4460
e 137 351 7323
e 150 485 1304
e 88 132 1196
e 49 229 3753
e 82 278 1760
e 18 224 6260
e 77 130 4072
e 358 399 7596
e 136 307 4214
e 413 416 7271
e 50 445 9269
e 332 361 7087
e 153 209 3860
e 125 145 672
e 15 34 8137
e 44 283 9738
e 78 91 5418
e 287 414 6661
e 278 477 623
e 212 283 5965
e 26 265 3676
e 148 333 7033
e 80 472 1282
e 272 343 7620
e 235 262 7332
e 20 437 8805
e 226 328 1863
e 323 329 5680
e 213 309 3233
e 104 239 8596
e 290 355 4767
e 232 427 2796
e 51 409 254
e 255 287 1622
e 284 334 4768
e 349 421 1992
e 167 244 8229
e 182 499 6583
e 22 54 3598
e 220 423 891
e 45 193 5427
e 391 464 4538
e 393 404 5997
e 203 314 2725
e 301 459 128
e 192 401 2929
e 39 182 3859
e 153 493 3687
e 92 298 6585
e 38 460 1746
e 169 307 2928
e 49 135 5
e 302 346 6734
e 19 383 1296
e 247 262 1710
e 218 219 96
e 2 171 2592
e 8 230 7525
e 423 493 8489
e 220 406 9075
e 191 368 5076
e 490 500 244
e 156 361 1897
e 332 473 7790
e 122 190 6414
e 192 454 2435
e 221 237 5613
e 83 270 5140
e 37 433 7795
e 210 338 3283
e 351 498 7850
e 333 472 1068
e 219 326 7272
e 328 380 7602
e 215 338 6696
e 59 80 7867
e 58 203 3051
e 18 460 5671
e 337 383 9796
e 332 496 9140
e 74 180 223
e 37 234 9105
e 1 66 8575
e 331 451 6239
e 208 366 2286
e 377 436 8772
e 80 158 3607
e 119 452 2044
e 472 494 6601
e 37 342 2750
e 155 362 5401
e 157 267 7397
e 55 368 2096
e 138 279 8292
e 5 458 5993
e 327 352 532
e 233 256 8700
e 61 291 3362
e 249 362 3742
e 7 108 7248
e 101 348 7328
e 416 423 3089
e 64 124 5511
e 9 216 3473
e 50 428 6403
e 10 281 4417
e 23 448 3016
e 342 454 3455
e 289 372 2125
e 329 447 2210
e 7 469 6152
e 203 383 1639
e 46 106 863
e 429 460 7865
e 96 232 2546
e 71 132 277
e 235 475 179
e 285 312 9863
e 257 286 7628
e 110 494 3657
e 190 312 6535
e 238 377 3769
e 166 322 5472
e 228 463 5959
e 180 405 7739
e 409 417 2730
e 435 453 9013
e 253 487 6912
e 91 228 5492
e 3 336 2409
e 256 379 7205
e 86 432 8773
e 91 321 8583
e 191 256 4801
e 190 329 7077
e 247 436 2360
e 177 355 3367
e 99 288 1353
e 31 158 8507
e 135 221 969
e 126 375 7828
e 29 168 1992
e 296 342 6364
e 25 53 2402
e 185 356 7672
e 121 136 7157
e 246 472 1634
e 88 267 5132
e 109 189 860
e 201 363 2712
e 297 418 7607
e 94 444 9638
e 94 366 8248
e 42 403 900
e 196 349 5865
e 334 339 3006
e 263 387 7950
e 472 500 2844
e 233 490 7158
e 115 302 8638
e 289 362 2509
e 2 174 1212
e 74 420 2717
e 100 437 5850
e 232 246 4842
e 68 88 7333
e 106 283 9245
e 274 342 1872
e 459 467 8493
e 171 309 647
e 152 352 9430
e 63 349 7728
e 244 331 2805
e 240 390 1124
e 145 356 4576
e 221 223 8945
e 360 391 1940
e 37 457 1779
e 294 391 6739
e 86 486 1991
e 212 437 8159
e 166 500 2393
e 106 272 7459
e 120 473 5540
e 328 488 3199
e 12 457 706
e 325 329 8793
e 95 473 5121
e 178 205 7630
e 286 374 6758
e 10 500 1623
e 192 342 8432
e 145 482 478
e 366 457 8521
e 268 337 1404
e 27 328 4948
e 29 170 7496
e 10 434 7023
e 301 423 2499
e 6 107 8233
e 99 469 5966
e 190 416 5811
e 94 496 1144
e 240 363 6520
e 212 491 1349
e 312 374 1870
e 274 330 8349
e 363 479 1213
e 402 406 6843
e 413 421 5644
e 331 444 9930
e 72 498 4348
e 53 64 9686
e 19 370 103
e 374 474 745
e 288 338 9961
e 62 458 1429
e 453 454 1133
e 45 153 6310
e 290 448 4565
e 120 208 4701
e 20 101 1303
e 207 366 5294
e 297 349 72
e 269 437 3283
e 451 489 8787
e 35 405 7395
e 221 324 1871
e 298 417 7690
e 159 332 9858
e 63 416 5083
e 217 276 8577
e 129 266 1553
e 15 284 3725
e 21 433 7610
e 196 459 3028
e 301 396 8293
e 36 120 5006
e 380 386 2318
e 249 481 8523
e 8 396 2927
e 150 422 4284
e 181 383 2756
e 95 338 8831
e 69 93 2453
e 176 304 6407
e 217 395 9351
e 90 227 8215
e 233 352 4178
e 59 276 6885
e 179 267 2223
e 16 191 9249
e 235 349 4268
e 147 311 9486
e 321 356 700
e 227 428 5414
e 81 198 4908
e 342 400 4057
e 96 241 9978
e 123 448 45
e 147 394 3177
e 12 67 3587
e 238 367 4341
e 285 379 4631
e 163 174 7343
e 2 112 4225
e 103 417 1623
e 104 408 9569
e 78 355 9055
e 143 384 9221
e 478 497 6515
e 194 451 6913
e 29 467 4075
e 314 441 7759
e 387 430 1889
e 71 493 3975
e 208 497 4151
e 106 208 8330
e 182 348 9176
e 6 391 5774
e 209 400 4446
e 238 371 6526
e 150 254 4157
e 132 403 3763
e 27 66 1690
e 138 414 4932
e 116 325 2200
e 348 398 8784
e 194 312 4065
e 89 298 286
e 3 471 7034
e 236 345 2553
e 49 460 1605
e 339 373 5658
e 98 487 2768
e 47 342 7886
e 419 496 8656
e 194 358 8119
e 183 341 7816
e 160 322 3912
e 77 437 728
e 176 433 9309
e 288 388 416
e 248 459 8384
e 200 300 8727
e 73 150 8408
e 328 458 4203
e 168 328 8142
e 106 306 9480
e 325 380 9676
e 240 413 7878
e 249 449 5847
e 114 359 6763
e 145 271 4455
e 94 488 5800
e 32 428 1953
e 68 304 2102
e 123 240 4542
e 452 482 3482
e 105 309 110
e 17 224 5114
e 257 356 2309
e 165 190 8401
e 135 140 640
e 43 181 7866
e 112 274 9442
e 155 312 2467
e 313 467 1838
e 247 481 6821
e 108 208 6950
e 379 490 943
e 42 490 8657
e 181 413 1843
e 340 382 4979
e 73 452 8256
e 33 64 6857
e 180 449 6991
e 175 290 5296
e 166 443 1887
e 461 471 7015
e 282 338 3382
e 22 264 8828
e 61 325 2384
e 195 329 9310
e 358 446 3118
e 126 312 826
e 4 232 2350
e 31 117 7408
e 157 473 6950
e 236 251 3723
e 187 244 9572
e 15 334 743
e 160 253 7123
e 106 248 2013
e 439 495 1715
e 154 204 5007
e 137 358 1855
e 46 58 7767
e 293 462 284
e 84 327 1816
e 31 123 6141
e 232 360 4011
e 155 235 7957
e 66 275 3602
e 118 419 8845
e 114 318 9983
e 317 435 1158
e 104 186 5734
e 200 478 2208
e 206 448 6893
e 392 474 312
e 298 329 2255
e 213 339 3255
e 156 359 1075
e 73 117 7612
e 350 434 2880
e 142 479 2596
e 347 411 5041
e 3 94 5493
e 264 385 6073
e 2 499 8889
e 44 314 1861
e 108 246 2761
e 229 270 5245
e 55 407 4428
e 40 185 7080
e 423 492 2849
e 39 447 1498
e 300 407 4703
e 112 206 4687
e 235 361 6088
e 18 250 7432
e 88 268 5014
e 80 454 1882
e 17 168 3731
e 37 101 8260
e 176 186 89
e 12 26 9434
e 380 479 8296
e 314 365 1502
e 116 216 6265
e 203 449 8690
e 267 387 5440
e 223 460 9090
e 455 488 242
e 62 476 7076
e 117 343 358
e 41 259 3386
e 41 45 3570
e 189 381 2631
e 387 434 7371
e 216 308 7423
e 164 218 3557
e 203 336 4431
e 150 387 4444
e 166 285 7667
e 250 407 5653
e 133 363 4083
e 163 388 9583
e 262 444 6235
e 352 401 6483
e 172 272 4612
e 330 462 2252
e 253 328 1929
e 245 294 8714
e 41 492 645
e 136 360 4200
e 152 484 3315
e 149 155 8098
e 110 283 6263
e 288 308 5036
e 269 452 4199
e 39 489 2930
e 399 471 1342
e 111 399 3909
e 88 413 4497
e 82 480 136
e 114 412 12
e 5 21 2766
e 256 371 1521
e 102 347 5814
e 44 299 5451
e 110 486 1264
e 323 380 7962
e 281 412 9272
e 63 219 5181
e 198 465 2964
e 37 270 4320
e 387 487 9696
e 14 382 3743
e 314 476 4063
e 88 154 9927
e 15 87 3087
e 100 244 866
e 181 381 1561
e 356 483 6693
e 45 358 4021
e 124 137 7900
e 256 264 2219
e 64 174 7334
e 55 416 7216
e 199 309 9497
e 270 321 2787
e 115 263 2530
e 66 327 7086
e 78 387 457
e 428 431 4100
e 24 321 7285
e 153 228 7737
e 185 265 8194
e 225 248 9927
e 284 363 7808
e 83 472 5981
e 10 366 1319
e 403 469 2248
e 200 487 7591
e 184 345 7397
e 178 414 606
e 91 160 7665
e 306 470 9855
e 127 293 4067
e 182 394 8684
e 289 294 297
e 288 378 9420
e 283 478 8576
e 309 498 2725
e 154 401 2050
e 136 372 7320
e 280 463 1269
e 316 449 5090
e 228 475 3013
e 336 346 7377
e 341 382 9970
e 127 249 1396
e 319 453 3822
e 7 167 5022
e 465 486 5271
e 279 460 9136
e 130 147 5125
e 40 323 8169
e 148 380 2624
e 152 482 1606
e 45 370 905
e 58 327 7251
e 29 391 5001
e 93 224 7784
e 86 419 8874
e 18 408 9667
e 98 235 4956
e 136 428 5162
e 95 300 2076
e 247 255 9907
e 157 355 1434
e 178 290 9935
e 174 240 364
e 23 92 9186
e 193 474 7728
e 239 303 1074
e 417 445 2073
e 146 316 8234
e 110 402 563
e 223 434 4428
e 163 482 9649
e 381 497 3382
e 289 341 5087
e 60 149 1037
e 198 277 4378
e 227 388 7964
e 101 148 1687
e 72 228 2148
e 250 397 7159
e 215 277 1328
e 158 498 3935
e 142 313 9361
e 77 183 6155
e 133 488 4679
e 202 427 3148
e 237 406 2540
e 132 296 8320
e 313 345 7206
e 194 383 3039
e 394 431 41
e 71 272 2131
e 104 235 9108
e 236 330 9594
e 14 123 1516
e 285 414 8804
e 113 496 1599
e 94 127 493
e 213 401 6207
e 251 284 6587
e 245 354 8033
e 46 401 7205
e 126 131 7526
e 155 159 3702
e 205 327 4967
e 28 255 8413
e 141 183 1530
e 15 240 7418
e 251 426 9445
e 21 227 1732
e 263 392 5085
e 234 331 6649
e 228 498 9552
e 20 385 7157
e 202 398 9164
e 57 214 5875
e 324 481 5398
e 275 476 3991
e 345 411 6109
e 147 232 201
e 353 477 9752
e 444 499 5183
e 154 495 8271
e 36 220 8896
e 202 299 183
e 398 477 2113
e 385 434 6527
e 203 237 1734
e 19 500 6873
e 150 196 6434
e 92 357 3259
e 74 463 1871
e 249 462 6487
e 447 476 998
e 22 424 3742
e 202 213 4508
e 274 459 2888
e 296 305 8121
e 83 341 636
e 270 382 7055
e 55 490 5445
e 128 277 1770
e 30 258 9416
e 345 467 3435
e 13 232 9429
e 154 387 5688
e 249 371 3614
e 182 219 6168
e 58 115 8662
e 415 488 3597
e 424 470 2810
e 63 455 3634
e 24 155 5530
e 76 480 5180
e 357 466 5245
e 21 246 9854
e 15 481 2408
e 42 327 7910
e 84 392 6380
e 15 419 4520
e 203 331 7128
e 64 68 7150
e 363 399 3688
e 276 460 420
e 260 326 8026
e 4 333 9501
e 56 278 971
e 182 289 8852
e 16 59 534
e 39 75 8503
e 52 122 3100
e 155 489 4977
e 135 279 6565
e 128 309 4315
e 275 314 3608
e 254 270 910
e 67 347 6930
e 173 216 9576
e 49 287 7659
e 265 480 271
e 363 403 8408
e 236 379 9598
e 115 288 8073
e 40 308 9508
e 17 109 4202
e 4 143 8926
e 28 156 3505
e 119 144 4217
e 144 300 3496
e 227 467 7646
e 143 341 6133
e 127 485 9175
e 162 223 6595
e 190 483 5970
e 100 488 6114
e 28 330 4134
e 124 191 2749
e 4 359 1800
e 9 77 9952
e 213 215 65
e 131 400 8067
e 125 128 6363
e 270 354 6715
e 54 411 6863
e 87 116 7102
e 403 435 9922
e 397 438 7786
e 82 131 1505
e 9 76 2048
e 364 463 4744
e 145 493 8059
e 157 412 2738
e 17 347 8702
e 41 326 4536
e 258 427 5548
e 54 74 2073
e 315 359 5961
e 15 117 7261
e 213 400 5775
e 103 232 15
e 23 347 6049
e 84 174 255
e 21 281 4422
e 86 490 8125
e 277 337 4498
e 393 455 9801
e 78 411 8331
e 34 359 3914
e 35 309 2277
e 23 425 4071
e 226 330 99
e 65 234 5190
e 310 477 3276
e 106 374 5334
e 130 421 4770
e 30 74 986
e 130 268 8806
e 77 194 1431
e 119 367 4628
e 109 261 5907
e 3 120 99
e 321 389 5442
e 83 171 9739
e 267 462 22
e 8 454 5451
e 133 461 7701
e 207 346 1064
e 422 489 6301
e 157 450 5658
e 306 375 1429
e 78 106 3941
e 270 333 8251
e 143 431 7967
e 75 352 5265
e 20 162 1190
e 61 443 4721
e 206 349 2310
e 105 119 3007
e 234 398 4518
e 11 351 541
e 177 426 3722
e 224 485 5323
e 407 492 484
e 314 358 8186
e 11 129 7549
e 141 413 8485
e 57 269 1749
e 142 253 9399
e 137 464 8547
e 239 354 4263
e 309 344 8021
e 254 298 7931
e 32 374 5715
e 410 427 1090
e 206 442 3801
e 80 150 3732
e 36 109 9765
e 14 417 1044
e 135 242 2069
e 388 456 4502
e 57 420 3389
e 71 424 7146
e 157 232 4584
e 90 244 4710
e 266 299 2864
e 279 463 1865
e 190 455 5085
e 166 222 7025
e 297 448 2366
e 42 318 5816
e 63 476 4836
e 90 462 4472
e 35 158 5248
e 27 366 1569
e 102 494 9253
e 162 198 4327
e 49 282 5871
e 19 70 7830
e 330 493 8177
e 124 395 8154
e 128 456 9135
e 128 326 316
e 319 370 6776
e 414 465 9405
e 245 318 2815
e 249 309 8354
e 257 479 1595
e 11 247 5785
e 65 377 8456
e 107 357 7226
e 424 455 5252
e 107 311 7202
e 134 322 9169
e 116 469 2511
e 274 406 5973
e 364 467 3715
e 206 391 7495
e 97 333 7655
e 203 266 3663
e 17 270 8146
e 276 356 1461
e 251 414 3636
e 2 92 6727
e 68 489 7196
e 55 75 1811
e 433 450 5180
e 357 442 515
e 229 442 4062
e 232 353 7523
e 93 184 8822
e 133 385 4234
e 332 365 7666
e 320 432 476
e 216 329 6141
e 157 483 1498
e 231 379 3295
e 62 486 9525
e 15 397 2113
e 31 438 4894
e 30 52 1299
e 169 242 115
e 376 493 4127
e 43 344 8089
e 212 227 9814
e 81 97 800
e 148 423 5474
e 413 500 8397
e 390 418 5554
e 145 479 3796
e 314 435 4955
e 44 252 2055
e 71 249 881
e 43 204 1047
e 64 125 473
e 8 423 2448
e 170 182 6755
e 294 421 8975
e 163 198 6903
e 282 441 956
e 37 308 4673
e 238 450 2581
e 84 139 8229
e 5 389 7437
e 200 455 3229
e 286 371 7740
e 30 224 5467
e 268 405 6170
e 186 281 75
e 136 274 6457
e 9 477 4975
e 133 422 1384
e 92 474 8966
e 144 166 4705
e 21 454 4438
e 188 214 9781
e 189 236 1971
e 39 473 6459
e 191 338 5076
e 26 320 1798
e 18 344 5740
e 178 350 7241
e 17 491 765
e 118 260 6448
e 356 372 1727
e 55 474 30
e 38 40 239
e 122 412 3244
e 308 392 7719
e 419 424 6357
e 114 360 1730
e 225 398 73
e 330 354 2935
e 282 339 9185
e 45 422 3077
e 223 295 3273
e 190 469 74
e 149 195 6738
e 257 301 312
e 22 389 987
e 49 211 5016
e 17 430 3862
e 7 398 6996
e 462 493 1215
e 362 414 38
e 123 479 5450
e 240 337 5441
e 22 136 3466
e 32 108 8861
e 129 251 3183
e 206 384 7005
e 4 343 7156
e 19 405 7778
e 115 131 8373
e 103 298 2359
e 141 307 7771
e 235 464 2930
e 80 272 486
e 283 444 4721
e 294 467 3323
e 79 101 5731
e 4 405 6925
e 26 326 1646
e 283 424 7715
e 22 378 9452
e 123 472 5930
e 480 487 6501
e 52 220 5058
e 217 234 2053
e 80 392 9515
e 32 285 9798
e 271 430 6113
e 231 265 1637
e 272 361 3990
e 191 384 6948
e 314 433 4176
e 227 229 4603
e 72 428 8297
e 133 200 3374
e 228 425 3105
e 52 148 7806
e 134 155 7169
e 428 470 3442
e 34 342 6985
e 37 181 1914
e 140 224 2977
e 168 280 3080
e 474 484 3402
e 239 284 6797
e 295 411 8129
e 334 355 8471
e 290 352 9801
e 189 352 203
e 16 428 6408
e 342 412 2336
e 97 157 183
e 12 441 4932
e 70 443 5922
e 412 415 8408
e 148 256 6714
e 8 383 5040
e 216 349 305
e 360 440 843
e 59 499 5437
e 101 126 3413
e 312 421 8265
e 271 343 6397
e 132 178 9744
e 11 358 1466
e 18 233 7254
e 27 176 4966
e 218 312 1598
e 434 479 7784
e 89 418 4646
e 15 412 7483
e 62 316 5042
e 407 451 4314
e 480 492 3313
e 232 349 8146
e 249 318 8255
e 420 460 4009
e 419 423 6014
e 426 492 173
e 76 404 9315
e 173 458 5846
e 37 38 7989
e 136 317 7793
e 112 407 3823
e 247 350 6412
e 165 208 1718
e 442 489 8313
e 6 439 2477
e 364 377 9
e 198 315 9474
e 145 219 5529
e 37 63 1009
e 153 168 5494
e 332 436 9957
e 116 203 7505
e 283 453 8086
e 60 63 702
e 105 221 5663
e 189 354 9309
e 23 423 4423
e 260 388 31
e 137 483 9223
e 376 433 6282
e 477 482 5373
e 184 447 6452
e 349 476 8291
e 328 413 4928
e 88 199 872
e 320 333 412
e 2 10 4773
e 138 232 6940
e 302 412 9981
e 166 170 8671
e 332 382 8704
e 135 399 3538
e 227 400 1603
e 115 492 1938
e 129 329 8782
e 9 430 2174
e 268 353 6710
e 187 205 6650
e 456 473 2669
e 404 436 1419
e 73 378 8418
e 70 449 4514
e 190 276 2825
e 280 499 4744
e 388 482 6500
e 21 338 1042
e 30 181 5162
e 70 176 3073
e 97 277 9053
e 7 112 8013
e 206 465 2993
e 304 462 7025
e 205 499 595
e 84 190 2364
e 29 369 8541
e 257 463 5309
e 103 353 5638
e 37 176 1834
e 144 377 3441
e 284 351 980
e 135 436 4764
e 226 459 8883
e 189 491 2025
e 35 412 3807
e 57 351 4184
e 141 444 7926
e 99 230 4371
e 159 225 6106
e 174 302 855
e 190 270 3240
e 226 500 2612
e 203 302 5067
e 17 482 2292
e 80 249 3886
e 244 420 8437
e 128 431 3287
e 25 310 8252
e 87 429 7267
e 360 419 6726
e 423 460 2748
e 124 364 6320
e 219 223 2947
e 235 467 7031
e 18 222 1235
e 27 86 2802
e 51 477 2401
e 117 484 8342
e 355 442 8569
e 240 278 580
e 275 437 5380
e 155 430 5022
e 28 81 6341
e 73 444 9185
e 11 284 3804
e 93 260 7891
e 252 489 3610
e 240 297 3902
e 91 293 9452
e 313 344 3800
e 421 458 123
e 249 492 1512
e 158 409 8088
e 323 382 2967
e 294 403 2949
e 55 235 8599
e 173 387 6134
e 72 262 5134
e 83 349 9971
e 46 233 7854
e 54 251 3052
e 289 430 5786
e 379 451 2594
e 278 362 8138
e 127 419 7655
e 220 314 8889
e 16 106 8461
e 25 207 490
e 268 303 1636
e 244 374 4385
e 84 196 9828
e 62 408 9256
e 146 446 9504
e 356 452 9657
e 41 427 1304
e 52 214 872
e 150 187 3556
e 31 114 1833
e 276 343 2767
e 39 361 2059
e 154 282 5605
e 39 222 2912
e 439 461 6137
e 101 156 7893
e 27 463 4084
e 141 179 1297
e 37 497 4690
e 380 438 5952
e 210 372 1875
e 159 428 4903
e 245 313 7906
e 282 397 1374
e 6 52 9640
e 146 377 8502
e 148 319 2832
e 13 352 886
e 77 321 6214
e 72 492 9341
e 18 232 7959
e 31 97 7078
e 216 462 4281
e 53 476 6998
e 128 223 6062
e 26 416 1366
e 12 230 7267
e 15 162 5133
e 15 345 6522
e 36 319 5856
e 280 315 321
e 258 285 545
e 186 253 613
e 181 324 2163
e 57 451 6829
e 444 467 1078
e 73 375 1941
e 164 439 5133
e 124 209 1836
e 133 304 8477
e 287 300 2717
e 143 301 9154
e 125 308 807
e 7 73 8115
e 151 390 8033
e 52 217 1163
e 100 374 1746
e 52 189 8982
e 42 323 5761
e 118 121 5858
e 263 465 6699
e 217 263 4196
e 12 27 2656
e 167 329 9374
e 75 191 2057
e 210 328 4978
e 4 436 8840
e 187 354 6521
e 239 495 2366
e 145 471 4155
e 126 389 5093
e 77 294 6394
e 25 487 2884
e 325 382 9821
e 47 436 8149
e 30 455 1980
e 304 335 9975
e 213 227 4570
e 305 336 6092
e 78 227 6865
e 14 300 4915
e 110 271 2444
e 318 362 1522
e 70 215 4841
e 109 117 6711
e 64 195 3942
e 302 426 3830
e 18 55 5872
e 246 410 6327
e 4 426 3311
e 351 380 8985
e 10 154 9910
e 100 153 9691
e 56 362 7257
e 172 239 9688
e 111 140 9330
e 62 320 3102
e 338 397 2514
e 94 220 4887
e 132 267 1197
e 41 493 8420
e 179 388 2612
e 137 226 5305
e 252 479 6184
e 218 497 9433
e 37 254 5682
e 17 342 5364
e 142 387 9657
e 61 225 7913
e 23 273 8267
e 173 339 2195
e 439 450 9505
e 79 106 118
e 415 466 7314
e 1 10 6064
e 345 474 8699
e 45 227 4547
e 162 240 5996
e 67 218 5185
e 11 345 370
e 113 453 3786
e 121 242 9639
e 205 311 4910
e 322 433 2847
e 239 314 9962
e 293 444 7071
e 139 475 244
e 336 443 9558
e 451 485 2764
e 369 397 4546
e 79 384 1438
e 309 388 108
e 131 152 1829
e 371 418 9778
e 366 434 955
e 112 171 4432
e 296 480 8892
e 31 75 3606
e 177 483 7748
e 264 274 6970
e 435 437 2689
e 62 373 6936
e 94 101 8445
e 64 435 763
e 131 314 3505
e 31 192 4342
e 303 385 4880
e 462 478 1940
e 14 155 74
e 218 220 4526
e 15 59 1936
e 185 477 6173
e 180 190 9931
e 327 448 5349
e 118 476 4973
e 318 455 3170
e 135 176 9921
e 71 480 1813
e 208 308 8188
e 51 429 8458
e 129 135 3104
e 131 168 1237
e 176 404 366
e 102 302 4077
e 163 385 166
e 155 306 876
e 190 311 1965
e 320 438 6526
e 342 382 4162
e 137 186 9476
e 24 51 1903
e 30 464 5234
e 208 494 5999
e 347 390 4882
e 368 380 46
e 349 437 6719
e 160 345 6542
e 84 163 3282
e 11 449 7659
e 45 141 2159
e 369 460 4395
e 284 310 3242
e 15 357 2548
e 283 385 7559
e 15 300 670
e 109 334 7348
e 342 410 1501
e 111 356 835
e 19 392 7746
e 10 371 2971
e 65 119 4460
e 341 454 5445
e 105 439 4928
e 186 469 1061
e 110 447 9485
e 23 334 1825
e 315 398 4182
e 161 395 6612
e 92 455 1600
e 414 441 5484
e 329 401 7685
e 319 422 9439
e 215 327 5950
e 127 199 9992
e 135 343 9665
e 71 207 5013
e 315 318 6255
e 85 433 6824
e 188 251 5451
e 302 419 8611
e 6 434 1523
e 175 386 4560
e 105 458 7181
e 132 294 9141
e 194 401 8461
e 1 306 3706
e 153 324 7783
e 323 346 996
e 163 373 1575
e 146 188 8607
e 193 489 5265
e 53 466 407
e 391 395 9800
e 272 472 5667
e 288 411 3275
e 35 293 9615
e 61 284 4535
e 326 469 978
e 218 479 9185
e 118 391 8751
e 39 141 1146
e 327 477 6954
e 325 371 1160
e 419 483 2680
e 100 199 3992
e 205 342 6108
e 34 395 4223
e 133 367 7131
e 13 80 1590
e 129 338 1100
e 258 356 5796
e 130 221 8647
e 253 439 9903
e 23 116 5211
e 84 223 2895
e 183 371 1551
e 55 306 3100
e 424 451 5914
e 7 310 4413
e 48 324 4004
e 266 403 5748
e 59 335 291
e 204 470 0
e 176 192 5095
e 21 69 9556
e 84 292 3775
e 311 445 7775
e 16 461 6006
e 207 418 4720
e 128 260 3496
e 82 176 5545
e 210 283 1220
e 106 440 5172
e 112 291 6908
e 315 425 4917
e 197 412 8197
e 265 335 5580
e 378 380 9386
e 176 309 1937
e 18 107 8912
e 45 332 1510
e 57 114 2366
e 354 362 9966
e 125 163 4123
e 241 346 824
e 175 473 6297
e 18 73 8649
e 55 112 2115
e 165 395 8281
e 18 231 6130
e 93 293 3838
e 147 368 4595
e 428 492 3149
e 158 195 9234
e 136 141 3418
e 244 392 6747
e 94 109 2607
e 28 263 767
e 369 394 1955
e 6 324 224
e 173 261 5508
e 36 280 7875
e 70 485 558
e 301 422 9205
e 163 426 5851
e 44 179 6995
e 227 442 5470
e 121 397 7096
e 38 85 9490
e 59 432 7331
e 138 304 8479
e 121 426 5222
e 110 167 8046
e 47 241 7523
e 28 97 2570
e 144 213 2642
e 149 194 345
e 317 363 8465
e 398 456 3226
e 38 492 8471
e 33 431 1194
e 72 309 4980
e 265 364 2731
e 158 361 5592
e 228 341 2163
e 85 380 9972
e 340 458 8158
e 307 440 9342
e 48 446 5039
e 120 351 4628
e 89 496 3134
e 386 421 4688
e 234 363 8806
e 157 276 3789
e 136 438 4558
e 36 135 4850
e 306 418 7857
e 83 106 2007
e 104 109 7833
e 224 310 7762
e 400 466 8447
e 73 365 1332
e 9 40 4614
e 320 342 7393
e 361 439 6648
e 125 299 3926
e 68 350 9522
e 208 411 190
e 197 334 2439
e 116 225 6454
e 130 451 9170
e 215 321 8507
e 76 192 5597
e 178 211 6918
e 25 304 1946
e 17 49 5198
e 97 271 6272
e 15 490 4692
e 1 450 8791
e 231 480 8288
e 175 265 1034
e 123 172 1973
e 184 424 1135
e 352 395 3255
e 70 223 1510
e 167 218 9299
e 65 208 2934
e 273 317 5928
e 15 299 4271
e 215 472 2945
e 218 247 7565
e 3 434 4861
e 103 106 4369
e 57 304 4124
e 38 269 3653
e 194 347 5974
e 147 249 8846
e 8 341 1952
e 170 323 6119
e 229 328 1554
e 142 444 5992
e 46 424 5379
e 24 50 8392
e 106 388 8389
e 123 227 1717
e 399 491 173
e 251 494 209
e 121 321 3657
e 401 418 5996
e 122 214 3490
e 122 298 1998
e 41 108 8367
e 27 456 9801
e 77 138 5977
e 356 373 3741
e 176 430 4689
e 120 217 2507
e 14 101 4708
e 116 427 7435
e 165 178 5087
e 113 397 8490
e 96 345 1624
e 109 436 2001
e 128 372 1081
e 99 374 7654
e 298 422 8244
e 265 380 5788
e 49 145 2901
e 246 449 8468
e 116 349 4261
e 78 338 4668
e 249 430 8050
e 50 376 6204
e 342 386 9887
e 222 302 7816
e 422 444 9728
e 137 203 5794
e 88 367 9766
e 363 450 9667
e 119 288 4211
e 224 411 1019
e 52 188 7658
e 117 336 3884
e 339 370 5249
e 335 474 8876
e 492 493 9728
e 168 315 7969
e 113 229 9140
e 26 467 5244
e 18 498 8803
e 289 476 2779
e 92 158 9460
e 268 494 5532
e 131 343 7467
e 89 431 6916
e 75 224 8922
e 164 226 6254
e 76 290 3552
e 43 191 2150
e 284 368 5783
e 173 423 6783
e 139 196 3008
e 262 418 1642
e 34 282 7631
e 80 258 8526
e 200 488 6997
e 38 231 2905
e 78 292 3144
e 250 311 2189
e 107 495 7926
e 222 362 8256
e 394 439 3846
e 42 392 7871
e 116 378 6101
e 63 295 7967
e 99 299 9955
e 160 222 8614
e 452 483 5214
e 88 155 532
e 29 410 2818
e 48 141 4078
e 121 213 327
e 288 295 9800
e 220 243 5609
e 365 437 8850
e 295 336 4050
e 175 276 6465
e 93 337 3714
e 176 317 908
e 124 282 1085
e 389 415 9023
e 84 158 7229
e 210 402 8920
e 38 452 1992
e 98 387 726
e 86 180 8442
e 31 367 6923
e 194 328 82
e 37 81 9016
e 80 230 374
e 207 445 8620
e 411 415 7680
e 173 481 3182
e 156 438 1152
e 119 243 9919
e 379 480 5208
e 207 375 9813
e 186 328 2580
e 215 285 9560
e 191 485 5773
e 440 493 4339
e 98 278 6092
e 52 243 3375
e 86 323 8939
e 147 358 8554
e 169 414 7956
e 60 147 6260
e 333 425 1372
e 54 488 7593
e 63 103 3211
e 78 215 1989
e 15 384 8561
e 25 424 868
e 154 490 5682
e 204 292 6381
e 98 130 742
e 95 355 7509
e 341 499 9765
e 57 234 4277
e 232 271 8057
e 82 130 1238
e 313 491 8291
e 258 321 1774
e 71 289 4000
e 122 451 716
e 117 294 4416
e 280 354 7196
e 13 342 8585
e 156 477 856
e 25 59 9278
e 409 428 4011
e 265 344 7906
e 11 174 3143
e 76 395 6494
e 70 328 3891
e 216 307 7932
e 4 203 2724
e 399 428 6580
e 71 174 1804
e 194 483 4971
e 247 294 7237
e 33 393 1054
e 118 250 2244
e 185 190 6796
e 112 211 2351
e 459 491 5922
e 132 291 1388
e 69 427 8921
e 145 350 996
e 52 211 9695
e 227 496 1989
e 36 326 3222
e 163 323 8437
e 346 417 1278
e 136 337 8848
e 288 476 5459
e 379 426 3075
e 11 42 5654
e 9 32 8696
e 133 332 593
e 298 464 8525
e 77 174 1375
e 291 460 2643
e 432 475 6554
e 354 470 8473
e 263 386 9918
e 135 427 4006
e 161 475 9010
e 14 298 8072
e 421 491 8789
e 99 385 2404
e 173 348 1460
e 12 245 604
e 208 327 2079
e 157 348 292
e 35 295 7029
e 340 394 2554
e 157 183 3284
e 266 447 7112
e 72 393 5726
e 113 342 5583
e 247 272 3608
e 25 71 5342
e 203 356 9310
e 131 357 1251
e 81 321 8305
e 91 496 7010
e 79 190 7557
e 206 481 1208
e 154 389 8884
e 54 470 8195
e 99 320 8313
e 11 176 5050
e 131 388 8124
e 100 500 8137
e 395 467 8408
e 33 342 4680
e 226 242 205
e 222 316 2244
e 180 283 3111
e 180 394 1116
e 96 108 1975
e 112 214 296
e 67 210 5937
e 56 91 959
e 12 170 8933
e 310 336 9594
e 14 230 5722
e 175 223 7987
e 279 490 4182
e 156 299 1637
e 237 400 4678
e 280 388 7583
e 176 414 6189
e 240 267 87
e 251 423 3074
e 192 260 8554
e 5 240 3221
e 15 249 7373
e 104 354 9088
e 202 350 9683
e 94 450 4112
e 48 249 5302
e 20 190 3579
e 17 351 6085
e 44 162 1847
e 335 401 8896
e 198 289 5347
e 7 156 3426
e 21 374 2924
e 171 455 6431
e 55 217 2666
e 151 299 7352
e 477 485 3899
e 221 228 9201
e 254 308 7228
e 207 454 2777
e 32 357 4083
e 48 204 5339
e 391 431 50
e 164 266 6270
e 323 349 5072
e 80 233 9619
e 305 454 2398
e 9 417 9843
e 72 279 5279
e 444 456 3866
e 84 271 3186
e 244 415 4493
e 112 498 7174
e 107 227 9842
e 236 310 7933
e 115 139 4532
e 151 198 9332
e 110 462 6346
e 296 500 4676
e 59 121 8185
e 328 337 1231
e 201 251 9125
e 55 406 7872
e 280 477 8500
e 353 448 9619
e 394 400 255
e 257 428 6884
e 37 473 7028
e 371 470 2498
e 304 413 7222
e 278 288 8624
e 142 298 5613
e 63 357 3681
e 75 90 6900
e 158 430 4224
e 183 370 5142
e 1 421 4365
e 117 452 1955
e 274 424 8476
e 32 306 7857
e 381 401 2966
e 41 215 7222
e 142 220 6009
e 426 470 869
e 80 270 6796
e 12 332 919
e 84 452 2153
e 33 84 1499
e 189 454 7566
e 192 483 9717
e 83 366 8336
e 101 496 3392
e 196 380 4235
e 1 453 9941
e 114 220 744
e 248 363 2525
e 72 217 6262
e 91 243 4564
e 122 315 6454
e 120 210 6262
e 31 47 9826
e 170 407 9252
e 189 195 7470
e 239 349 9392
e 107 159 1716
e 274 288 4760
e 141 351 1880
e 394 425 6739
e 135 370 495
e 98 480 6816
e 134 257 4113
e 68 250 4653
e 98 407 5133
e 298 466 7574
e 90 226 2415
e 37 459 8631
e 130 319 305
e 200 207 5400
e 175 195 3993
e 224 295 9494
e 196 471 6052
e 12 119 9567
e 280 381 6053
e 59 317 8288
e 1 111 1397
e 284 420 8367
e 342 393 9409
e 235 305 4194
e 57 178 6696
e 242 273 6500
e 231 289 1771
e 169 471 5261
e 20 287 2359
e 296 467 9327
e 262 351 30
e 182 203 1554
e 8 480 559
e 370 487 7857
e 143 489 504
e 310 315 4438
e 366 483 689
e 165 166 9966
e 443 481 9484
e 47 413 8951
e 29 408 15
e 221 475 3690
e 266 456 1948
e 51 289 3805
e 134 397 4841
e 147 500 3587
e 87 241 5506
e 24 136 8971
e 33 304 5172
e 162 384 4000
e 105 167 5317
e 199 345 775
e 10 20 5101
e 289 394 5399
e 46 148 21
e 77 500 7607
e 56 425 9182
e 69 381 3365
e 99 394 3276
e 50 491 466
e 71 427 6025
e 208 465 5038
e 339 494 8437
e 239 249 6048
e 134 273 4640
e 244 294 9243
e 74 477 5537
e 141 228 3995
e 8 309 9918
e 127 308 923
e 256 428 7958
e 128 138 6380
e 17 322 6177
e 50 389 5324
e 4 448 3208
e 266 462 5224
e 49 272 3026
e 114 475 3669
e 25 437 1600
e 87 97 9076
e 239 252 4620
e 125 165 6227
e 157 212 3580
e 306 497 1272
e 371 414 1299
e 288 371 3654
e 180 493 7413
e 213 462 1851
e 111 279 1663
e 250 365 6412
e 319 368 8532
e 25 285 637
e 481 493 7642
e 171 332 7729
e 122 221 5698
e 32 109 8774
e 178 268 1348
e 5 159 4786
e 355 495 8660
e 118 361 9649
e 441 490 4177
e 22 221 2562
e 38 339 204
e 305 433 7296
e 43 166 4639
e 96 187 5977
e 68 186 987
e 333 463 9608
e 281 306 6210
e 92 386 8824
e 260 338 7843
e 457 465 7067
e 194 398 9110
e 134 459 4588
e 456 466 8014
e 72 489 5947
e 21 472 6822
e 276 425 2207
e 265 412 449
e 55 136 6622
e 39 278 7892
e 1 132 6133
e 98 308 725
e 291 382 4382
e 48 104 110
e 335 400 4880
e 49 390 5284
e 141 271 9322
e 417 491 5769
e 112 235 5040
e 134 165 3637
e 169 349 1303
e 70 177 7058
e 251 303 3569
e 97 374 1632
e 174 243 7221
e 171 393 1852
e 77 414 4100
e 76 240 8052
e 171 369 7499
e 51 309 5855
e 78 281 2525
e 52 433 5643
e 117 414 4683
e 113 380 1085
e 8 250 4131
e 170 239 3017
e 20 398 485
e 271 327 3624
e 118 164 6536
e 450 494 4299
e 261 314 7361
e 56 122 5124
e 112 255 9867
e 32 196 611
e 353 439 6324
e 228 269 9029
e 100 344 7867
e 39 464 828
e 25 46 7315
e 237 463 5399
e 80 464 1917
e 202 219 2189
e 133 282 42
e 78 143 6244
e 4 362 2385
e 199 438 9519
e 27 118 503
e 193 263 8808
e 314 494 4144
e 389 443 3501
e 95 333 1727
e 48 311 8436
e 75 355 8789
e 189 497 5707
e 123 236 1149
e 313 451 6554
e 95 255 2597
e 279 372 2614
e 27 280 7611
e 129 404 3471
e 134 465 7963
e 102 324 136
e 407 494 8112
e 18 83 657
e 216 465 3557
e 204 300 3099
e 189 212 2252
e 119 150 183
e 264 444 5523
e 67 100 2623
e 116 244 42
e 152 263 6315
e 303 324 6905
e 61 250 4667
e 53 162 4368
e 34 411 515
e 159 368 6152
e 122 274 8695
e 144 161 8425
e 120 165 6160
e 278 498 8337
e 164 371 6611
e 76 160 508
e 37 430 9153
e 297 465 3979
e 211 281 4100
e 110 276 5019
e 87 332 1363
e 193 266 4324
e 193 204 9732
e 15 31 4068
e 244 379 7845
e 355 433 3338
e 21 174 4900
e 338 412 5504
e 46 225 6691
e 117 474 5520
e 402 453 861
e 183 260 1816
e 393 481 4892
e 74 369 2278
e 302 308 997
e 94 199 6835
e 14 195 3602
e 213 314 6138
e 235 460 8036
e 87 405 9395
e 44 374 4197
e 93 358 6223
e 110 192 4314
e 288 412 2766
e 355 498 9631
e 23 35 4572
e 384 394 2640
e 326 476 2775
e 85 300 1876
e 31 220 6326
e 226 443 1692
e 136 258 5290
e 2 406 3819
e 374 420 66
e 32 60 1319
e 70 324 8917
e 156 240 9069
e 110 443 4989
e 234 412 287
e 427 446 8134
e 25 314 6028
e 140 270 5035
e 2 231 8529
e 31 358 3169
e 322 454 4514
e 7 390 2883
e 184 496 1628
e 348 426 3790
e 125 189 6117
e 123 450 6002
e 13 462 9435
e 4 94 8049
e 394 432 6813
e 2 434 2506
e 1 14 6214
e 219 333 1381
e 227 329 9388
e 1 299 7337
e 103 121 5208
e 242 490 3110
e 50 369 401
e 211 358 2157
e 207 389 6661
e 421 478 7573
e 207 349 6151
e 102 370 1158
e 27 290 9905
e 222 343 2097
e 230 281 3542
e 146 336 5577
e 185 291 3763
e 95 100 5719
e 43 357 9619
e 254 369 5221
e 255 271 6368
e 24 446 142
e 249 290 123
e 29 45 7915
e 175 308 5362
e 155 357 2870
e 424 483 2163
e 63 450 5103
e 66 481 3249
e 35 37 7369
e 180 330 1887
e 132 234 5543
e 6 364 5607
e 54 66 4913
e 363 382 8475
e 175 299 5570
e 148 427 1050
e 26 156 1170
e 216 274 8538
e 129 259 2722
e 39 293 6737
e 220 393 9626
e 300 439 6311
e 120 155 5319
e 171 348 6416
e 300 398 2418
e 309 447 1180
e 286 446 3203
e 168 406 1460
e 293 376 3077
e 44 118 8822
e 46 110 6016
e 228 499 8508
e 167 188 6159
e 182 486 9840
e 239 458 1108
e 129 282 7644
e 135 369 2850
e 5 98 9648
e 333 377 4598
e 353 474 4925
e 416 484 6736
e 334 354 28
e 152 411 7122
e 145 179 4590
e 219 430 9995
e 259 350 3370
e 215 413 415
e 173 272 3467
e 317 491 9488
e 333 343 3216
e 184 313 3681
e 45 237 4249
e 46 127 8395
e 214 352 658
e 237 429 4484
e 343 443 3941
e 35 491 9474
e 67 408 3947
e 342 364 4668
e 30 453 3994
e 152 367 7110
e 306 344 5715
e 136 164 3257
e 323 405 1155
e 325 399 3004
e 126 327 8485
e 4 78 7903
e 100 355 1662
e 171 265 7372
e 13 64 8940
e 198 413 7874
e 97 171 4324
e 44 171 2951
e 130 220 228
e 183 285 7583
e 95 206 7054
e 52 90 8345
e 371 466 1814
e 320 357 5145
e 107 500 4385
e 368 392 4875
e 147 170 1610
e 220 421 2535
e 151 240 7077
e 199 422 5762
e 241 485 3921
e 109 340 2954
e 222 385 9759
e 49 471 1667
e 18 254 4329
e 165 198 188
e 17 201 6393
e 129 158 7626
e 168 490 7538
e 405 473 5022
e 75 118 6086
e 360 399 8267
e 109 392 9892
e 81 184 9598
e 14 486 9662
e 161 342 6291
e 449 472 8724
e 202 313 5343
e 185 281 7736
e 226 467 7547
e 236 418 5924
e 96 326 2968
e 349 395 4511
e 17 361 4610
e 113 458 8062
e 36 383 9932
e 57 61 454
e 128 241 4171
e 66 376 7031
e 240 359 7038
e 175 351 1932
e 128 246 5516
e 226 490 8270
e 159 385 9803
e 24 421 717
e 83 184 5327
e 95 281 2233
e 370 497 200
e 9 490 808
e 11 80 4176
e 328 389 510
e 230 268 1510
e 348 407 4404
e 242 442 9617
e 253 337 3666
e 252 406 9959
e 27 271 3151
e 257 292 3817
e 289 370 3736
e 47 169 8839
e 174 498 9732
e 270 486 9074
e 27 52 6855
e 108 198 2733
e 34 62 7506
e 126 390 9636
e 331 341 1713
e 275 388 2214
e 315 389 5016
e 38 248 1995
e 209 282 8278
e 136 210 6036
e 388 486 2630
e 72 202 9009
e 459 474 4996
e 34 461 849
e 152 425 9506
e 342 417 5300
e 321 423 7259
e 288 490 4691
e 116 250 3519
e 168 484 6915
e 425 488 5414
e 96 471 9691
e 25 353 7288
e 14 457 4916
e 13 426 8250
e 91 337 2824
e 63 488 6251
e 408 483 3066
e 45 339 2871
e 367 403 9596
e 178 493 8416
e 211 260 4193
e 24 292 3488
e 193 216 3916
e 172 442 4461
e 74 346 2444
e 129 420 2935
e 42 419 7003
e 351 446 1388
e 63 304 7865
e 109 487 1315
e 209 243 3880
e 195 234 4009
e 259 366 7821
e 352 499 5844
e 196 281 3026
e 66 440 1141
e 398 478 9793
e 106 375 4588
e 163 300 7466
e 75 151 5476
e 72 90 4184
e 25 255 5291
e 362 402 5716
e 6 314 193
e 33 249 3857
e 274 315 1570
e 67 473 4005
e 69 349 3176
e 24 247 2673
e 317 359 6703
e 80 168 4661
e 244 396 7512
e 74 487 7318
e 27 170 6276
e 156 367 7212
e 118 448 3929
e 242 460 3115
e 223 257 8479
e 90 236 2604
e 106 482 2265
e 159 420 3539
e 456 480 1846
e 93 307 103
e 77 450 6483
e 264 429 5971
e 153 158 1067
e 398 440 4361
e 374 384 5537
e 239 465 4451
e 132 163 7308
e 76 314 7060
e 331 409 535
e 415 498 8662
e 31 32 2436
e 217 406 5212
e 43 45 2355
e 46 471 412
e 167 191 4680
e 181 387 2616
e 97 410 4329
e 244 397 8444
e 14 360 5585
e 183 329 5753
e 136 233 1928
e 33 36 172
e 212 223 7913
e 100 222 2841
e 102 413 8647
e 6 103 9135
e 202 260 3320
e 171 434 9187
e 225 455 904
e 441 453 6786
e 97 129 9225
e 297 447 811
e 194 275 3257
e 218 455 5055
e 306 388 5527
e 234 496 9922
e 361 390 8725
e 111 201 9275
e 303 317 7016
e 138 404 8808
e 24 106 9431
e 268 368 7875
e 377 425 471
e 60 459 9334
e 102 429 1162
e 204 364 3113
e 92 424 3354
e 78 479 6485
e 143 350 3408
e 111 248 3182
e 386 444 3590
e 190 450 8020
e 356 481 6326
e 149 374 6028
e 54 197 1530
e 164 409 999
e 270 377 7590
e 7 52 5245
e 136 329 2614
e 380 475 2812
e 102 184 529
e 104 302 6861
e 124 434 9039
e 136 257 353
e 281 456 8131
e 376 402 3090
e 154 266 6923
e 63 102 9947
e 138 483 9936
e 47 128 8966
e 298 409 5980
e 349 429 9896
e 287 495 9068
e 385 471 861
e 86 320 2932
e 344 425 3121
e 31 88 3730
e 250 286 4891
e 210 488 5992
e 144 371 5532
e 270 496 1350
e 75 330 3295
e 113 311 966
e 11 164 3123
e 354 467 8826
e 33 365 7831
e 67 386 4482
e 171 259 4490
e 332 441 505
e 359 408 9717
e 33 307 9864
e 63 238 9902
e 29 134 5801
e 190 235 5482
e 32 98 5697
e 38 182 3293
e 264 314 139
e 160 238 8411
e 399 425 5390
e 162 299 7287
e 24 295 9487
e 18 306 8178
e 108 153 6811
e 242 405 2271
e 207 428 9189
e 94 213 9759
e 133 202 78
e 75 378 9941
e 46 447 2765
e 351 441 2767
e 86 270 1068
e 93 406 6255
e 174 449 615
e 299 451 7365
e 92 215 6309
e 88 293 3367
e 28 71 2222
e 84 331 9850
e 102 446 4431
e 301 413 681
e 397 458 7877
e 338 427 4427
e 25 265 2741
e 130 346 1321
e 372 447 8391
e 159 431 4801
e 253 388 9171
e 23 430 7241
e 239 339 4537
e 112 464 4746
e 132 292 9104
e 262 366 283
e 37 489 2888
e 180 366 4903
e 483 497 2189
e 251 498 3469
e 400 454 7724
e 23 149 5562
e 41 174 4413
e 44 127 2640
e 187 440 998
e 49 104 1744
e 69 328 9809
e 4 39 4121
e 66 406 4449
e 11 48 9805
e 156 307 4984
e 339 446 186
e 166 499 9024
e 57 235 517
e 306 385 512
e 175 183 2887
e 143 232 9988
e 18 93 9179
e 175 372 7273
e 482 492 1599
e 70 309 1762
e 30 245 6012
e 128 239 922
e 270 373 8630
e 204 266 7741
e 240 402 9157
e 111 288 9656
e 206 361 5280
e 187 477 619
e 91 281 1709
e 21 93 9771
e 104 424 8513
e 210 397 1796
e 473 477 5230
e 331 483 3463
e 163 350 7936
e 30 79 6022
e 70 253 9444
e 15 355 7825
e 33 492 7517
e 166 373 4467
e 174 466 1844
e 235 387 5117
e 147 475 7215
e 280 454 4607
e 139 375 8892
e 264 495 7078
e 150 376 7456
e 411 481 775
e 42 314 5209
e 69 418 5194
e 202 304 4599
e 133 138 1710
e 119 221 955
e 199 352 7813
e 12 137 67
e 102 257 9774
e 396 500 9785
e 295 308 3467
e 100 334 2883
e 11 382 6372
e 81 371 7335
e 25 232 1314
e 60 239 7743
e 96 418 8748
e 418 456 5997
e 258 409 2920
e 184 456 1335
e 308 494 1588
e 16 454 7856
e 82 496 4732
e 41 478 5856
e 106 335 6458
e 113 150 5223
e 188 397 5796
e 108 461 8063
e 262 379 7208
e 49 140 6557
e 91 192 2954
e 235 321 2895
e 99 419 8472
e 302 458 783
e 42 434 5148
e 121 306 4156
e 1 206 4848
e 358 435 5001
e 274 352 5891
e 250 466 2790
e 26 495 8084
e 122 426 3657
e 14 210 2554
e 242 349 7359
e 166 325 8384
e 397 472 545
e 137 357 3266
e 211 299 7388
e 240 394 3415
e 180 349 5022
e 180 362 761
e 326 362 6770
e 181 468 8993
e 55 193 6417
e 112 336 3106
e 290 422 6754
e 429 430 5494
e 104 418 1863
e 272 488 4447
e 220 344 8459
e 286 311 5657
e 278 455 741
e 203 271 746
e 89 321 8286
e 15 463 1859
e 79 449 4434
e 488 499 6235
e 282 496 3637
e 36 474 7472
e 210 268 423
e 314 474 4718
e 46 162 4036
e 130 224 121
e 143 191 6511
e 150 449 4662
e 112 296 4295
e 5 392 8995
e 243 292 1187
e 141 288 6349
e 140 387 825
e 79 312 9073
e 9 443 3506
e 382 444 5637
e 237 434 8588
e 385 422 8633
e 241 484 7147
e 208 468 3370
e 411 430 7563
e 377 482 5356
e 71 439 315
e 342 499 2739
e 1 351 7465
e 446 460 1289
e 411 496 1322
e 14 250 1932
e 123 396 8651
e 106 393 5052
e 47 363 6724
e 349 399 774
e 299 396 6805
e 91 249 4089
e 206 291 2628
e 46 88 9171
e 145 259 8176
e 4 251 9333
e 61 381 3250
e 279 312 897
e 114 439 4544
e 25 74 22
e 256 358 7649
e 142 486 7759
e 31 458 1384
e 82 364 1463
e 191 326 7776
e 358 401 9666
e 74 360 8195
e 414 485 4981
e 231 393 670
e 118 356 1352
e 152 297 4599
e 50 349 2560
e 144 459 3295
e 17 23 308
e 250 254 9274
e 255 357 7055
e 177 329 7599
e 167 352 4193
e 383 445 7964
e 448 458 4742
e 62 366 8455
e 450 467 3610
e 231 336 7907
e 330 398 2977
e 166 466 6001
e 280 320 8216
e 88 306 8490
e 325 475 4414
e 77 279 6833
e 296 447 7970
e 314 462 3958
e 198 245 9270
e 331 370 8144
e 49 442 7077
e 133 268 4326
e 216 255 5249
e 272 316 687
e 84 149 8510
e 116 437 401
e 192 321 5493
e 66 233 4074
e 138 426 5614
e 59 115 7037
e 59 116 9047
e 184 472 4928
e 215 371 9367
e 207 464 6256
e 117 321 2022
e 218 316 3851
e 211 356 7770
e 245 383 2581
e 111 247 6669
e 301 354 8400
e 233 421 1994
e 176 384 9853
e 142 358 1106
e 121 140 5126
e 146 372 529
e 315 376 4185
e 141 393 7230
e 21 368 4996
e 118 189 4023
e 156 419 5737
e 2 80 4573
e 25 111 4982
e 126 456 5867
e 150 424 6707
e 292 473 1944
e 326 403 317
e 117 463 532
e 16 306 2398
e 103 492 9717
e 19 234 2448
e 102 374 6064
e 232 383 2926
e 104 157 2819
e 133 204 752
e 131 497 7757
e 5 396 3597
e 3 384 2529
e 119 239 9715
e 280 358 4312
e 99 399 7769
e 359 455 6515
e 134 491 7382
e 279 348 616
e 381 459 9399
e 230 486 4606
e 253 452 2964
e 15 474 6752
e 214 489 6391
e 204 224 5847
e 13 269 4117
e 259 289 3692
e 141 431 2614
e 22 422 9236
e 55 153 5987
e 121 365 621
e 20 69 6418
e 127 161 6254
e 133 466 5603
e 197 251 4980
e 71 110 8447
e 57 211 2520
e 98 103 9428
e 202 333 7282
e 49 314 3505
e 110 398 3754
e 143 250 79
e 61 120 5291
e 235 417 4690
e 290 380 4325
e 145 206 4399
e 71 166 533
e 80 323 7792
e 137 374 9335
e 119 433 9456
e 463 492 6402
e 275 361 2248
e 275 347 8883
e 90 403 8171
e 407 490 5187
e 5 407 9343
e 158 206 48
e 13 218 1278
e 419 433 2108
e 318 421 669
e 427 444 8728
e 363 380 5454
e 265 267 6819
e 162 300 7482
e 172 250 2570
e 104 135 5180
e 184 379 8780
e 197 424 4134
e 59 362 5058
e 357 359 3830
e 261 370 5227
e 335 455 6702
e 208 417 4400
e 177 497 1951
e 335 417 9708
e 231 334 3098
e 172 309 460
e 43 80 9681
e 250 465 944
e 204 291 7324
e 44 274 4087
e 411 441 1289
e 30 190 1213
e 245 430 1291
e 224 284 5673
e 134 316 7876
e 62 190 2286
e 148 330 6377
e 346 489 5855
e 272 463 7726
e 4 418 7861
e 185 328 6394
e 250 414 3369
e 24 481 7715
e 132 297 7791
e 218 433 6484
e 22 31 9668
e 129 249 7016
e 320 445 6926
e 185 350 8637
e 7 93 7148
e 39 298 2781
e 251 405 7285
e 81 351 7662
e 368 460 4059
e 88 414 5440
e 3 142 3039
e 324 489 1382
e 76 107 9492
e 74 249 3394
e 346 499 4999
e 66 458 4343
e 121 415 4759
e 186 448 9534
e 62 255 8561
e 8 270 9883
e 78 96 8184
e 300 482 9985
e 428 439 4714
e 108 339 1820
e 138 461 5747
e 219 340 2554
e 85 88 3118
e 408 435 7935
e 74 99 2888
e 323 460 1439
e 166 252 1501
e 144 411 9621
e 177 225 84
e 192 310 9600
e 303 447 9152
e 18 87 400
e 146 185 9233
e 32 490 8677
e 163 210 8319
e 169 236 4913
e 142 404 5319
e 253 349 3380
e 23 469 7453
e 222 353 673
e 191 318 9472
e 188 232 7318
e 240 285 3365
e 256 489 3884
e 155 225 8805
e 329 456 1208
e 67 290 1171
e 43 114 3009
e 174 371 3570
e 425 464 3802
e 69 128 1451
e 296 494 5625
e 153 495 5325
e 158 175 1273
e 115 123 8256
e 410 485 3254
e 188 437 9482
e 194 315 475
e 89 180 5892
e 217 454 8662
e 54 428 6825
e 58 218 3697
e 48 146 2026
e 374 497 8747
e 158 226 1965
e 285 490 3975
e 117 118 2127
e 63 433 2535
e 149 466 829
e 17 442 719
e 48 454 2121
e 230 468 7464
e 45 90 5327
e 23 60 8966
e 136 478 4944
e 92 164 3722
e 352 373 2448
e 338 357 3030
e 138 491 4320
e 19 487 2040
e 161 424 5844
e 143 439 1010
e 396 470 3242
e 21 495 8960
e 100 335 4509
e 144 264 803
e 16 412 4058
e 21 210 8412
e 284 348 5641
e 82 315 1375
e 207 462 8684
e 102 125 5305
e 152 442 9554
e 141 214 8789
e 82 174 343
e 222 284 9151
e 272 487 6417
e 177 399 3749
e 483 490 6215
e 217 262 7859
e 374 394 6360
e 203 340 6667
e 55 220 2394
e 117 165 3090
e 5 40 6207
e 71 255 8636
e 57 349 1647
e 235 453 2098
e 407 493 5577
e 225 457 4057
e 169 302 5036
e 191 378 2295
e 66 245 2268
e 221 260 4247
e 98 188 372
e 345 446 4575
e 167 251 4967
e 95 142 7981
e 307 474 7928
e 242 448 4835
e 117 239 6075
e 135 432 2760
e 424 431 1896
e 102 340 6522
e 20 171 9728
e 106 344 6449
e 182 402 6385
e 160 226 903
e 41 310 8451
e 435 450 5520
e 6 117 1205
e 94 406 353
e 172 415 8494
e 163 490 9536
e 263 442 3379
e 115 314 9755
e 186 419 2286
e 7 126 9707
e 5 415 5634
e 197 204 6359
e 76 263 8374
e 194 433 6958
e 51 240 6347
e 318 487 6146
e 245 421 7428
e 296 489 4362
e 180 200 3674
e 224 315 2335
e 379 450 7200
e 195 420 2202
e 138 288 6365
e 25 156 360
e 25 275 9421
e 43 486 1402
e 21 304 5553
e 136 242 6161
e 124 444 3306
e 201 349 980
e 298 442 2295
e 321 385 1494
e 257 448 2095
e 136 214 4160
e 55 200 2300
e 268 490 9427
e 88 281 9274
e 302 446 1769
e 223 319 4501
e 141 443 7711
e 268 407 1833
e 85 254 8288
e 8 118 5615
e 117 435 9873
e 253 352 8350
e 99 482 4263
e 269 293 998
e 106 484 4555
e 16 252 847
e 428 454 9855
e 60 99 2656
e 149 419 801
e 70 294 9318
e 109 341 7682
e 153 185 1550
e 217 340 9894
e 313 422 9112
e 27 299 4849
e 293 401 7604
e 262 371 4136
e 25 405 2101
e 254 285 5383
e 236 470 1347
e 122 170 5120
e 225 253 4829
e 265 476 3983
e 145 212 6391
e 354 473 4654
e 14 225 6135
e 229 347 8730
e 23 279 8070
e 125 379 7312
e 62 433 1447
e 401 491 4617
e 295 338 8546
e 155 260 49
e 116 322 7391
e 411 442 9513
e 184 386 6206
e 2 35 340
e 39 423 5021
e 4 30 6116
e 9 145 4292
e 381 458 9319
e 410 412 3938
e 319 434 8456
e 201 484 9586
e 7 465 5595
e 168 199 9977
e 261 321 2390
e 19 310 8696
e 140 251 6460
e 36 261 5253
e 333 483 2763
e 131 423 4091
e 179 196 1435
e 144 145 6477
e 223 445 2557
e 199 464 5271
e 361 426 3757
e 51 393 1209
e 249 451 8941
e 170 178 3660
e 275 454 9928
e 40 395 5849
e 88 220 4626
e 363 455 1825
e 119 359 9256
e 18 433 2411
e 1 113 2278
e 309 362 6653
e 170 455 5537
e 186 316 6923
e 120 381 2371
e 75 318 2078
e 69 214 5111
e 143 164 9499
e 54 267 7233
e 74 262 7925
e 97 281 7022
e 148 266 9859
e 107 320 3339
e 57 435 8464
e 285 319 9602
e 183 235 9995
e 149 465 1044
e 311 448 1698
e 82 324 202
e 365 416 6888
e 136 185 2418
e 228 405 7114
e 13 161 9570
e 197 292 8326
e 57 106 4164
e 42 444 9219
e 74 428 9121
e 351 409 8407
e 219 367 7709
e 185 327 9696
e 48 486 2766
e 381 446 3071
e 97 312 3917
e 179 317 1486
e 93 377 6708
e 16 416 4755
e 254 410 4534
e 179 327 8646
e 176 427 8831
e 172 448 5626
e 184 228 4944
e 166 410 871
e 248 477 4717
e 266 322 1888
e 97 134 4687
e 156 314 5417
e 126 228 7136
e 81 463 4753
e 147 499 8067
e 192 244 4805
e 217 279 7849
e 334 431 9649
e 7 61 9249
e 313 463 6719
e 324 428 1328
e 89 491 1121
e 139 229 1426
e 110 371 5800
e 479 495 2705
e 151 155 6043
e 7 234 2358
e 88 373 3679
e 116 357 7658
e 256 483 3438
e 449 453 899
e 112 128 2633
e 21 284 3904
e 3 26 3831
e 388 475 7458
e 107 171 8800
e 217 424 9330
e 205 340 5785
e 62 237 3183
e 272 369 2282
e 32 70 6687
e 172 400 5935
e 222 280 6901
e 9 334 5276
e 130 430 8030
e 206 407 3715
e 377 458 5044
e 182 280 5319
e 25 488 4163
e 278 496 65
e 25 151 750
e 44 288 4253
e 249 380 8257
e 32 121 5430
e 237 363 5763
e 275 465 1333
e 235 483 7487
e 121 179 8469
e 36 364 7005
e 84 132 4272
e 5 179 8400
e 265 415 7472
e 93 176 2578
e 264 355 2330
e 141 300 711
e 200 472 5387
e 178 296 270
e 65 203 281
e 78 376 1306
e 434 459 6055
e 297 383 5062
e 251 415 1908
e 176 297 2939
e 233 297 7010
e 54 400 7554
e 293 310 7936
e 323 414 1336
e 135 235 9573
e 427 496 3384
e 221 302 539
e 34 484 5222
e 30 362 5042
e 140 163 8540
e 173 432 5844
e 404 406 4858
e 76 442 6181
e 22 129 4342
e 3 36 5615
e 112 371 6216
e 68 356 2338
e 67 367 5126
e 52 279 718
e 88 399 6333
e 165 495 7234
e 187 304 8133
e 432 492 2152
e 263 305 1759
e 41 384 5710
e 314 478 9149
e 26 334 5969
e 105 310 3893
e 378 457 202
e 312 450 2547
e 67 184 6973
e 125 295 8050
e 149 382 1448
e 161 451 2615
e 123 384 3055
e 116 226 3457
e 137 264 555
e 339 388 6237
e 16 203 6802
e 256 395 2303
e 71 217 2474
e 58 126 8716
e 185 255 7812
e 155 404 6697
e 90 146 4193
e 207 279 6301
e 336 428 9495
e 88 276 7380
e 16 219 9604
e 126 267 3271
e 4 400 7713
e 26 394 6442
e 348 354 748
e 165 340 381
e 180 443 6097
e 199 295 2168
e 65 288 2640
e 13 165 1875
e 292 496 6137
e 40 311 9699
e 13 407 1675
e 85 184 7544
e 158 439 8452
e 445 460 8394
e 8 410 2938
e 135 275 7009
e 100 492 3823
e 219 295 3587
e 19 173 7115
e 441 486 5292
e 354 493 5017
e 44 371 7850
e 219 268 8582
e 202 454 7850
e 328 367 8490
e 105 475 4656
e 197 287 7402
e 185 414 1504
e 146 309 7634
e 237 464 1310
e 365 374 2727
e 141 415 63
e 285 488 6914
e 31 213 5244
e 135 307 3469
e 156 301 1462
e 99 323 1435
e 131 376 7181
e 47 142 7052
e 426 458 3263
e 452 489 3120
e 395 396 2674
e 129 466 7542
e 139 280 425
e 334 348 9338
e 7 179 9545
e 100 402 8954
e 126 147 5708
e 221 407 1689
e 69 455 10
e 62 260 5043
e 313 350 8667
e 8 216 9859
e 46 242 9051
e 81 497 6392
e 232 256 5406
e 4 191 9945
e 413 439 6395
e 197 348 7272
e 57 277 2493
e 176 351 7273
e 102 319 5944
e 85 387 8690
e 175 189 5815
e 43 367 3551
e 133 478 4436
e 17 141 9776
e 206 468 7958
e 52 242 3088
e 98 386 3724
e 277 432 52
e 130 383 6804
e 171 217 6246
e 247 323 5566
e 386 498 811
e 19 118 6897
e 213 232 9890
e 337 459 2345
e 262 408 648
e 224 374 1384
e 76 451 2635
e 281 455 4812
e 121 329 4183
e 304 496 8758
e 136 420 5722
e 138 149 1797
e 144 400 8900
e 172 297 8309
e 132 440 8231
e 275 294 9085
e 105 490 2335
e 44 64 166
e 403 456 8006
e 58 374 6221
e 196 478 2090
e 213 393 9544
e 28 73 7922
e 262 427 6555
e 93 353 4802
e 108 286 9546
e 95 265 2138
e 23 243 614
e 132 447 9273
e 30 316 5757
e 118 343 7136
e 29 444 112
e 285 309 2631
e 3 53 6917
e 202 275 3743
e 145 208 2546
e 38 257 9198
e 60 274 4208
e 131 433 1423
e 338 496 5762
e 83 153 7907
e 178 400 8818
e 16 288 1034
e 214 330 4883
e 276 426 3909
e 245 416 5094
e 264 491 231
e 110 484 9290
e 35 480 1519
e 137 196 9361
e 26 485 6581
e 89 388 726
e 35 288 3006
e 165 253 3403
e 11 116 8110
e 206 244 7000
e 207 417 1269
e 286 391 2521
e 37 335 3982
e 79 173 9837
e 301 332 1368
e 366 390 506
e 53 59 8935
e 58 317 5943
e 21 365 3397
e 64 317 1089
e 327 377 5497
e 61 405 110
e 265 405 5894
e 22 271 7589
e 43 127 8769
e 111 420 5061
e 76 97 2900
e 157 296 7840
e 67 238 7263
e 48 351 9193
e 18 414 1747
e 134 350 5879
e 7 460 7139
e 405 455 4099
e 178 325 6324
e 74 220 3100
e 317 355 9175
e 360 438 8990
e 290 453 8182
e 2 83 3133
e 169 333 6208
e 350 439 9281
e 120 185 8409
e 421 437 6287
e 83 460 6538
e 295 483 9166
e 142 271 4098
e 53 133 5728
e 403 473 4904
e 345 418 7142
e 30 489 7835
e 11 343 5585
e 304 438 3001
e 94 400 4141
e 88 197 3090
e 251 481 5484
e 192 484 2555
e 149 378 928
e 66 93 6974
e 119 295 574
e 80 427 7109
e 185 275 9573
e 88 465 4231
e 200 397 4086
e 228 353 3807
e 123 427 1159
e 188 280 7612
e 250 451 5917
e 15 489 8154
e 459 500 2967
e 17 450 7530
e 4 212 1008
e 22 71 4532
e 271 346 5519
e 296 409 823
e 244 434 7523
e 158 375 8429
e 107 312 3304
e 178 311 6230
e 215 416 5632
e 203 487 6756
e 256 446 8812
e 101 199 1492
e 292 458 2430
e 225 496 3603
e 367 455 7110
e 220 500 2320
e 25 295 3202
e 337 467 497
e 228 328 1811
e 201 421 7441
e 105 398 3215
e 207 395 6115
e 92 141 1416
e 187 231 3782
e 9 440 473
e 101 139 6743
e 227 459 646
e 402 460 8063
e 133 299 5763
e 73 292 7743
e 22 447 6592
e 274 414 7219
e 168 496 8238
e 4 445 3120
e 6 412 4135
e 33 214 4984
e 78 480 7960
e 404 499 5737
e 326 395 8222
e 425 483 6433
e 295 396 6408
e 344 450 2583
e 117 277 6272
e 277 396 8784
e 69 431 2579
e 93 244 589
e 279 453 4323
e 356 403 3209
e 84 250 6374
e 21 275 1477
e 2 381 2528
e 364 482 6762
e 133 314 5969
e 100 286 5183
e 265 368 1573
e 94 431 752
e 218 448 9148
e 20 149 3403
e 401 460 942
e 216 382 3535
e 89 377 7308
e 15 252 7429
e 184 303 1419
e 24 132 8117
e 52 221 6185
e 421 452 7621
e 223 325 8372
e 163 234 1034
e 97 371 5922
e 40 85 3332
e 391 421 4363
e 19 335 8474
e 319 436 2610
e 150 194 2246
e 419 429 4512
e 50 330 3117
e 256 427 2408
e 154 392 1188
e 239 373 5829
e 278 480 3135
e 203 270 9995
e 227 363 3253
e 323 472 6364
e 366 436 1652
e 30 472 7710
e 309 426 9671
e 207 472 2852
e 161 167 9967
e 127 459 6348
e 71 164 213
e 43 236 8965
e 170 356 8038
e 140 457 6428
e 157 297 1639
e 136 151 6864
e 410 434 6374
e 261 445 4427
e 255 402 3959
e 60 65 6788
e 89 266 4862
e 252 426 8265
e 225 289 2268
e 188 419 7515
e 113 319 8619
e 134 197 5443
e 329 484 863
e 195 409 5579
e 72 257 171
e 446 482 6438
e 11 466 364
e 325 482 4576
e 178 433 1616
e 2 364 8270
e 284 353 6244
e 292 384 5921
e 203 322 6361
e 154 435 9181
e 114 133 7413
e 273 427 1176
e 181 488 1644
e 276 372 4564
e 109 132 3615
e 93 266 2500
e 358 371 634
e 53 142 6263
e 254 413 4919
e 327 496 2666
e 303 488 5574
e 26 126 2857
e 11 107 6787
e 375 482 2255
e 125 484 4481
e 162 404 8174
e 74 206 6608
e 75 394 3585
e 52 215 2080
e 1 89 3200
e 154 259 6459
e 136 172 576
e 413 428 6172
e 168 492 7568
e 238 361 1974
e 169 277 3893
e 180 238 1439
e 33 345 9394
e 154 216 1855
e 20 451 8130
e 25 352 4253
e 398 498 7017
e 35 473 2278
e 279 404 3034
e 28 273 73
e 470 476 8320
e 377 451 6152
e 173 447 6375
e 328 435 9787
e 292 429 2025
e 132 434 9930
e 81 282 5553
e 328 384 9775
e 43 340 3621
e 350 387 7806
e 191 253 950
e 164 488 7308
e 109 479 3472
e 374 467 7429
e 445 483 2583
e 43 170 6491
e 51 472 5745
e 237 478 4256
e 382 455 7856
e 76 485 2898
e 219 384 291
e 71 158 9430
e 196 397 2758
e 18 188 7263
e 161 236 3210
e 32 77 9832
e 38 193 8648
e 287 430 7102
e 54 363 5628
e 138 212 6448
e 70 483 7767
e 288 393 4414
e 144 267 6560
e 157 334 5178
e 60 433 5308
e 301 364 9618
e 106 438 6782
e 130 492 1028
e 99 450 5286
e 71 399 5121
e 294 412 7697
e 108 441 6327
e 465 466 2741
e 75 400 2957
e 164 388 3594
e 49 387 9980
e 401 427 3331
e 58 435 8495
e 24 475 6078
e 340 361 8094
e 241 365 6567
e 338 460 674
e 113 360 4504
e 47 403 5302
e 312 444 7458
e 86 210 7534
e 322 375 9103
e 174 197 4733
e 120 183 1788
e 34 202 2923
e 252 332 5944
e 328 332 4687
e 101 413 2373
e 97 187 4883
e 74 121 4044
e 230 332 875
e 153 187 4639
e 171 355 4502
e 25 318 8967
e 137 288 6028
e 385 432 548
e 202 380 8097
e 243 487 2999
e 417 489 7141
e 157 301 6454
e 64 116 3319
e 115 306 2153
e 166 298 8582
e 62 189 6342
e 181 276 1015
e 34 238 3573
e 167 433 3534
e 371 446 8901
e 130 355 3969
e 9 476 9516
e 49 465 8654
e 29 484 2732
e 130 143 7331
e 132 421 7111
e 316 437 7545
e 1 467 8205
e 9 448 1366
e 165 372 9687
e 339 394 9720
e 122 151 9803
e 229 339 8040
e 13 62 3687
e 315 420 2025
e 36 193 2946
e 98 423 8147
e 103 415 3442
e 365 383 4849
e 24 452 6025
e 131 244 7285
e 56 89 1822
e 389 462 678
e 365 380 4671
e 71 478 1196
e 177 314 7368
e 4 195 1329
e 305 308 7077
e 152 244 2536
e 233 470 3175
e 247 275 6313
e 105 361 1674
e 27 161 3026
e 312 427 2056
e 352 483 1538
e 79 368 3243
e 60 406 2978
e 100 434 1620
e 62 359 8782
e 74 272 7237
e 41 354 5540
e 49 430 215
e 165 461 9408
e 244 335 6896
e 40 179 8224
e 384 427 9019
e 233 332 2826
e 226 279 8120
e 289 367 1093
e 190 344 7608
e 159 498 2985
e 212 493 5168
e 133 274 907
e 130 424 3889
e 36 451 8125
e 238 429 1147
e 306 484 7306
e 101 437 1951
e 294 314 71
e 196 264 6972
e 401 500 1420
e 361 441 2962
e 163 405 9798
e 205 374 3856
e 92 170 1376
e 354 413 2571
e 133 403 6906
e 3 123 711
e 4 34 6025
e 75 341 723
e 249 387 6276
e 312 417 5491
e 51 329 4852
e 89 164 3648
e 237 405 1704
e 45 204 430
e 59 369 1028
e 384 401 6600
e 434 448 6115
e 139 368 6748
e 376 445 1108
e 98 191 9987
e 70 477 5888
e 150 229 566
e 168 232 2614
e 34 37 9349
e 226 359 6983
e 200 320 1614
e 317 470 1520
e 159 392 7978
e 102 492 2257
e 58 441 3912
e 422 484 1816
e 224 407 5671
e 85 181 355
e 272 322 5745
e 136 419 9563
e 101 121 8618
e 195 353 4468
e 79 494 2958
e 90 307 734
e 218 419 6572
e 16 190 5946
e 35 80 844
e 9 152 8387
e 178 443 8325
e 10 145 2781
e 115 292 5450
e 240 429 9632
e 86 265 7326
e 397 447 1521
e 41 397 3002
e 206 301 6687
e 263 313 9591
e 93 296 2517
e 192 261 205
e 409 488 477
e 53 57 408
e 145 276 6662
e 192 497 329
e 72 397 7992
e 97 158 1243
e 135 218 7375
e 116 362 4953
e 6 41 1383
e 164 425 3534
e 5 279 3817
e 151 469 168
e 177 415 7976
e 113 353 4317
e 359 494 8897
e 91 206 2116
e 39 414 236
e 131 409 7701
e 357 384 9135
e 27 264 1069
e 181 319 192
e 176 408 8900
e 17 292 2190
e 105 268 150
e 157 300 1529
e 41 150 8786
e 35 374 5609
e 191 222 1509
e 81 309 8741
e 6 173 9745
e 441 493 5490
e 110 377 9745
e 81 247 744
e 256 356 323
e 81 139 6010
e 37 245 7785
e 60 195 380
e 189 484 9289
e 236 474 2838
e 459 470 9294
e 138 493 9671
e 119 406 3112
e 48 262 8680
e 93 265 6570
e 16 447 5696
e 75 220 7969
e 156 270 6948
e 40 249 3157
e 3 403 9478
e 308 354 101
e 243 438 7880
e 133 484 1506
e 24 455 1442
e 114 164 7374
e 318 411 4311
e 285 308 8656
e 106 244 825
e 121 240 9671
e 9 323 6005
e 196 333 2197
e 133 209 4594
e 163 325 1860
e 190 437 9119
e 429 433 8420
e 54 83 531
e 135 241 9434
e 97 138 4732
e 365 402 1506
e 167 271 4904
e 338 461 939
e 174 281 8712
e 458 460 7790
e 22 266 6646
e 226 377 8269
e 253 267 8983
e 238 388 1551
e 319 385 149
e 108 167 235
e 396 403 3991
e 178 275 7120
e 250 431 3242
e 296 368 8861
e 335 370 2107
e 164 325 1139
e 81 330 4537
e 17 309 2884
e 106 128 8452
e 263 420 1280
e 177 385 4696
e 143 491 552
e 76 189 3020
e 436 488 7536
e 207 404 7436
e 125 153 6699
e 93 219 3146
e 282 478 9786
e 371 491 6864
e 112 138 4088
e 18 263 6645
e 102 228 8040
e 39 305 581
e 181 299 8852
e 93 115 40
e 128 228 5060
e 18 99 3905
e 62 101 2788
e 231 341 190
e 464 482 9494
e 2 76 3762
e 81 85 6934
e 157 407 2150
e 455 471 2197
e 42 216 6623
e 123 251 637
e 185 211 1452
e 296 463 1717
e 331 488 8087
e 43 248 3649
e 85 266 1393
e 365 481 3943
e 76 481 4342
e 189 400 1836
e 219 304 5202
e 5 101 2392
e 83 260 3484
e 58 382 5653
e 239 240 7287
e 23 81 8406
e 44 350 3649
e 66 363 2198
e 115 215 236
e 117 187 3468
e 161 428 7700
e 84 185 1748
e 28 500 8154
e 236 250 5632
e 151 242 3308
e 100 284 8442
e 3 93 8450
e 105 343 3890
e 52 434 8901
e 182 424 2680
e 53 268 1368
e 38 227 5479
e 74 499 5366
e 201 367 1503
e 61 495 5822
e 136 380 5844
e 84 460 8329
e 347 429 9641
e 253 302 1510
e 230 397 1074
e 58 102 4580
e 325 444 2675
e 114 199 6863
e 21 78 9094
e 396 427 2079
e 157 271 4986
e 117 232 6473
e 140 490 757
e 395 426 1588
e 399 470 4676
e 231 250 7257
e 404 421 3210
e 186 386 1473
e 138 186 6040
e 69 124 4834
e 436 483 4572
e 168 366 8169
e 86 476 2397
e 10 98 9541
e 362 396 6460
e 173 333 2078
e 402 479 81
e 35 270 6559
e 85 151 3389
e 37 414 1144
e 247 254 3975
e 342 356 1588
e 11 33 8586
e 14 126 354
e 152 217 8581
e 222 303 4168
e 10 319 2098
e 141 155 3789
e 93 241 7552
e 45 385 9989
e 26 431 3567
e 79 96 1859
e 81 208 987
e 379 447 4736
e 104 466 8529
e 349 424 946
e 113 483 4202
e 48 137 7376
e 331 439 6342
e 30 280 5801
e 27 311 7639
e 134 447 51
e 14 72 3401
e 214 442 677
e 51 302 573
e 41 394 5334
e 436 498 2243
e 129 395 4074
e 242 269 8636
e 99 155 4948
e 232 413 1649
e 285 459 6135
e 142 489 7111
e 225 461 8568
e 365 375 9140
e 143 415 7621
e 125 364 8458
e 154 449 9199
